word,frequency,meter,
water,1663,NO,
acid,1351,NO,
for,1138,NO,
see,1109,NO,
salt,1105,NO,
allergens,1104,NO,
advice,1100,NO,
allergy,1097,NO,
highlighted,1092,NO,
100%,1007,NO,
organic,910,NO,
juice,853,NO,
natural,783,NO,
citric,688,NO,
sodium,637,NO,
from,622,NO,
concentrate,518,NO,
acidity,453,NO,
potassium,422,NO,
flavourings,415,NO,
flavouring,402,NO,
regulator,393,NO,
and,376,NO,
calcium,375,NO,
extract,351,NO,
sweetener,336,NO,
agent,319,NO,
ingredients,318,NO,
orange,311,CITRUS,
of,305,NO,
vitamin,296,NO,
sorbate,288,NO,
sea,270,NO,
chloride,270,NO,
coconut,265,EVALUAR,COCONUT
beans,261,EVALUAR,BEANS
a,257,NO,
in,254,NO,
pineapple,248,EVALUAR,PINEAPPLE
gum,246,NO,
durumsemolina,235,NO,
sucralose,235,NO,
preservative,233,NO,
lemon,230,CITRUS,
red,230,NO,
powder,222,NO,
antioxidant,219,NO,
with,218,NO,
hops,210,EVALUAR,HOPS
ascorbic,204,NO,
colour,200,NO,
black,195,NO,
pasteurised,192,NO,
spring,188,NO,
pepper,186,SPICES,
the,178,NO,
fruit,172,NO,
mango,164,MANGO,
dioxide,162,NO,
firming,160,NO,
dried,158,NO,
1%,152,NO,
green,151,NO,
cultures,151,NO,
stabiliser,149,NO,
durumwheatsemolina,147,NO,
citrate,145,NO,
ground,141,NO,
protective,140,NO,
lactobacillus,140,NO,
preservatives,136,NO,
contains,133,NO,
15%,132,NO,
carbonated,130,NO,
fat,125,EVALUAR,FAT
leaves,125,NO,
atmosphere,125,NO,
vinegar,122,EVALUAR,
rennet,122,NO,
b12,122,NO,
5%,121,NO,
certified,121,NO,
ci,118,NO,
pure,116,NO,
leaf,116,NO,
other,114,NO,
l,112,NO,
magnesium,112,NO,
25%,110,NO,
ingredientswater,109,NO,
&,109,NO,
carrot,108,ROOT,
syrup,107,NO,
dates,106,NO,
to,104,NO,
wholegrain,104,NO,
spinach,103,EVALUAR,SPINACH
carbonate,102,NO,
yogurt,102,EVALUAR,MILK
regulators,101,NO,
live,101,NO,
baby,100,NO,
10%,99,NO,
d,99,NO,
lactic,98,NO,
free,98,NO,
99%,97,NO,
2%,96,NO,
vitamins,94,NO,
broccoli,94,EVALUAR,BROCCOLI
niacin,93,NO,
3%,93,NO,
are,91,NO,
*,89,NO,
ginger,89,EVALUAR,GINGER
aqua,88,NO,
30%,86,NO,
seed,85,NO,
rehydrated,85,NO,
bicarbonate,84,NO,
b6,84,NO,
50%,82,NO,
whole,81,NO,
thermophilus,81,NO,
*organic,81,NO,
hop,81,EVALUAR,HOPS
paprika,81,SPICES,
pear,80,EVALUAR,PEAR
cellulose,80,NO,
salmon,80,SALMON,
glycol,80,NO,
agents,78,NO,
coriander,78,NO,
*=,77,NO,
parfum,77,NO,
grapefruit,77,GRAPE,
raisins,76,NO,
our,76,NO,
/,75,NO,
malted,75,NO,
strawberry,75,EVALUAR,STRAWBERRY
barley,75,BEER,
chilli,75,SPICES,
not,74,NO,
40%,73,NO,
culture,73,NO,
steviol,73,NO,
benzoate,72,NO,
beetroot,72,ROOT,
mineral,71,NO,
flavour,71,NO,
partially,70,NO,
c,70,NO,
bulgaricus,70,NO,
fructose,69,SUGAR,
starch,69,NO,
white,69,NO,
lettuce,69,EVALUAR,LETTUCE
cinnamon,68,CINNAMON,BAJA HUELLA
alcohol,67,NO,
cream,67,NO,
made,66,NO,
wheat,66,BREAD,
under,66,NO,
lime,64,CITRUS,
sparkling,64,NO,
stabilisers,64,NO,
casei,63,NO,
anti-caking,63,NO,
bifidobacterium,63,NO,
raspberry,63,BERRIE,
ingredientsdurumwheatsemolina,62,NO,
colours,61,NO,
corn,61,MAIZE,
cardamom,61,EVALUAR,
cacao,61,CHOCOLATE,
pectin,60,NO,
thyme,60,NO,
iron,60,NO,
acidophilus,60,NO,
turmeric,60,NO,
propylene,59,NO,
glycosides,59,NO,
maltedbarley,58,BEER,
basil,58,NO,
20%,58,NO,
gellan,57,NO,
protein,57,NO,
organically,57,NO,
grown,57,NO,
durum,56,BREAD,
phosphate,56,NO,
content,56,NO,
folic,56,NO,
dimethyl,55,NO,
gelling,54,NO,
malt,54,BEER,
glycerol,53,NO,
hint,53,NO,
starter,53,NO,
taste,52,NO,
kidney,51,NO,
acetic,51,NO,
98%,51,NO,
18%,51,NO,
fairtrade,51,NO,
skimmed,50,NO,
herbs,50,NO,
oregano,50,EVALUAR,
rocket,50,NO,
oranges,50,CITRUS,
their,49,NO,
emulsifier,49,NO,
purã©e,49,NO,
glycerin,49,NO,
33%,48,NO,
process,48,NO,
protect,48,NO,
gentle,48,NO,
delicate,48,NO,
gently,48,NO,
s,48,NO,
malic,48,NO,
steamed,48,NO,
skimmedmilk,47,MILK,
added,47,NO,
agave,47,NO,
thickener,47,NO,
is,47,NO,
fennel,47,NO,
4%,47,NO,
plant,47,NO,
lentils,47,NO,
caramel,47,NO,
ingredientsorange,46,NO,
melon,46,EVALUAR,MELON
pink,46,NO,
esters,46,NO,
cumin,46,NO,
dicarbonate,46,NO,
squeezed,46,NO,
quinine,45,NO,
-,45,NO,
xanthan,45,NO,
quaker,45,NO,
gluten,45,NO,
parsley,45,PARSLE,
b2,45,NO,
per,45,NO,
peach,45,EVALUAR,PEACH
sulfate,45,NO,
origin,44,NO,
guar,44,NO,
including,44,NO,
apricots,44,NO,
peppermint,44,NO,
cabbage,44,EVALUAR,CABBAGE
aloe,44,NO,
spirit,44,NO,
mint,44,EVALUAR,MINT
linalool,44,NO,
sulphur,43,NO,
annatto,43,NO,
puree,43,NO,
sorbitol,43,NO,
60%,43,NO,
riboflavin,43,NO,
limonene,42,NO,
d3,42,NO,
cranberry,42,BERRIE,
biotin,42,NO,
polysorbate,42,NO,
flakes,42,NO,
8%,42,NO,
than,42,NO,
rosemary,41,NO,
carrots,41,ROOT,
tuna,41,FISH,
prunes,41,EVALUAR,PRUNES
sweetcorn,41,MAIZE,
watermelon,41,EVALUAR,MELON
peppercorns,40,MAIZE,
concentrated,40,NO,
sprouts,40,NO,
marjoram,40,NO,
roasted,40,NO,
turkey,40,CHICKEN,
quinoa,40,EVALUAR,QUINOA
mandarin,39,CITRUS,
100g,39,NO,
skimmedpowder,39,NO,
benzyl,39,NO,
rolledoats,39,BREAD,
pomegranate,39,EVALUAR,BERRIES
base,39,NO,
pantothenic,39,NO,
proportions,39,NO,
cloves,38,NO,
into,38,NO,
fatty,38,NO,
peppers,38,SPICES,
nutmeg,38,NO,
ingredients100%,37,NO,
raw,37,NO,
mix,37,NO,
70%,37,NO,
cassia,37,NO,
gas,37,NO,
aspartame,37,NO,
meat,36,NO,
be,36,NO,
betaine,36,NO,
pulp,36,NO,
product,36,NO,
streptococcus,36,NO,
enzyme,36,NO,
vegetarian,35,NO,
anthocyanins,35,NO,
cows'milk,35,MILK,
flavours,35,NO,
cauliflower,35,EVALUAR,VEGETALES
arabica,35,NO,
sourced,35,NO,
extracts,35,NO,
less,35,NO,
total,34,NO,
almonds,34,NUTS,
thiamin,34,NO,
blackberry,34,BERRIE,
phenoxyethanol,34,NO,
sucrose,34,NO,
ingredientsapple,34,NO,
surfactants,34,NO,
packaged,34,NO,
kale,34,NO,
acids,33,NO,
juicy,33,NO,
e,33,NO,
vanilla,33,EVALUAR,SPICES
blueberries,33,BERRIE,
12%,33,NO,
kefir,33,MILK,
ingredientspineapple,33,PINEAPPLE,
active,33,NO,
passion,33,NO,
nectar,33,NO,
85%,32,NO,
hydrogen,32,NO,
34%,32,NO,
26%,32,NO,
yellow,32,NO,
95%,32,NO,
alliance,32,NO,
fragrance,32,NO,
on,32,NO,
lactase,32,NO,
11%,31,NO,
hexacyanoferrate,31,NO,
chard,31,NO,
carrageenan,31,NO,
semolina,31,NO,
ingredientsorganic,31,NO,
titanium,31,NO,
raising,31,NO,
carbon,31,NO,
raspberries,31,NO,
87%,31,NO,
80%,31,NO,
may,31,NO,
35%,31,NO,
97%,31,NO,
laureth,31,NO,
ingredientspork,30,NO,
cows',30,NO,
blueberry,30,NO,
yoghurt,30,YOGURT,
ingredient,30,NO,
disodium,30,NO,
uk,30,NO,
*all,30,NO,
nitrogen,30,NO,
percentage,30,NO,
every,29,NO,
75%,29,NO,
produced,29,NO,
sulphate,29,NO,
humectant,29,NO,
bay,29,NO,
beans*,29,NO,
figs,29,NO,
d2,29,NO,
bottle,29,NO,
rolled,29,NO,
metabisulphite,29,NO,
blue,29,NO,
rose,29,NO,
ingredientssugar,29,NO,
hibiscus,29,NO,
=,29,NO,
modified,28,NO,
nitrite,28,NO,
ingredientspreservative,28,NO,
certifiedâ„¢,28,NO,
kiwi,28,REVISAR,KIWI
thiamine,28,NO,
acetate,28,NO,
phosphates,28,NO,
whey,28,NO,
oats,28,BREAD,
7%,28,NO,
following,28,NO,
cocamidopropyl,27,NO,
pieces,27,NO,
ingredientscarbonated,27,NO,
maple,27,HONEY,
chamomile,27,NO,
skin,27,NO,
seaweed,27,NO,
rhamnosus,27,NO,
contain,27,NO,
ingredientswheatflour,27,NO,
potassiummetabisulphite,27,NO,
hemp,27,,
wild,27,,
distillate,27,,
stearate,27,,
arabic,27,,
b1,27,,
9%,27,,
bifidus,27,,
salts,27,,
lactate,27,,
wood,27,,
sage,27,,
erythritol,27,,
ukpackaged,26,,
strawberries,26,,
botanical,26,,
nitrate,26,,
pectins,26,,
distillates,26,,
28%,26,,
pois,26,,
ingredientscarrot,26,,
flower,26,,
edta,26,,
juice*,26,,
methyl,26,,
acesulfame,25,,
produce,25,,
citrates,25,,
waterbarley,25,,
caffeine,25,,
cod,25,,
rooibos,25,,
prawns,25,,
24%,25,,
juices,25,,
hexyl,25,,
mixed,24,,
papaya,24,,
electrolytes,24,,
can,24,,
38%,24,,
copolymer,24,,
ingredientscoffeepackaged,24,,
tapioca,24,,
90%,24,,
cucumber,24,,
fresh,24,,
allspice,24,,
semi,24,,
cultures*,24,,
nicotine,24,,
blackcurrant,24,,
*certified,24,,
filtered,24,,
23%,23,,
b3,23,,
chickpeas,23,,
wholesemolina,23,,
chillies,23,,
k,23,,
fine,23,,
minimum,23,,
king,23,,
greek,23,,
variable,23,,
ingredientssweeteners,23,,
45%,23,,
all,23,,
ester,22,,
ration,22,,
purified,22,,
985%,22,,
0%,22,,
vera,22,,
1,22,,
asparagus,22,,
sodiummetabisulphite,22,,
style,22,,
as,22,,
ferrocyanide,22,,
93%,22,,
ii,22,,
peel,22,,
16%,21,,
32%,21,,
cholecalciferol,21,,
*organically,21,,
that,21,,
haddock,21,,
clove,21,,
pasta,21,,
plantarum,21,,
02%,21,,
curcumin,21,,
bulking,21,,
producers,21,,
acidnatural,21,,
cotton,21,,
barbadensis,21,,
b5,21,,
cannellini,21,,
peppermint*,21,,
*=certified,20,,
lactose,20,,
53%,20,,
6%,20,,
e133,20,,
avocado,20,,
capers,20,,
smoked,20,,
5,20,,
cow's,20,,
spirulina,20,,
elderflower,19,,
49%,19,,
monte,19,,
sulphites,19,,
cross-linked,19,,
stanols,19,,
crushed,19,,
minerals,19,,
prepared,19,,
goldâ®,19,,
03%,19,,
27%,19,,
refiners,19,,
13%,19,,
glazing,19,,
inverted,19,,
cherry,19,,
denat,19,,
carotenes,19,,
sweet,19,,
glyceryl,19,,
stanol,19,,
flowers,19,,
pears,18,,
this,18,,
salmo,18,,
coconuts,18,,
salar,18,,
88%,18,,
citronellol,18,,
cayenne,18,,
ingredientspartially,18,,
emulsifying,18,,
19140,18,,
oncorhynchus,18,,
carob,18,,
ethylhexyl,18,,
mycoproteinâ„¢,18,,
standards,18,,
florets,18,,
salicylate,18,,
del,18,,
hydroxide,18,,
mannitol,18,,
skimmedwater,17,,
squash,17,,
watermalted,17,,
ingredientsgreen,17,,
silicon,17,,
anise,17,,
mollusc,17,,
coumarin,17,,
51%,17,,
spearmint,17,,
ice,17,,
camomile,17,,
salad,17,,
star,17,,
guarana,17,,
89%,17,,
british,17,,
<5%,17,,
distilled,17,,
17%,17,,
anionic,17,,
wax,16,,
60,16,,
duck,16,CHICKEN,
e102,16,,
haricot,16,,
glutamate,16,,
ascorbate,16,,
emulsifiersoybeanlecithin,16,,
bha,16,,
22%,16,,
01%,16,,
watercress,16,,
squid,16,,
apollo,16,,
glycerine,16,,
tocopherol-rich,16,,
42090,16,,
57%,16,,
hulledsoyabeans,16,,
non,16,,
geraniol,16,,
elderberry,16,,
29%,16,,
ingredientsturkey,16,,
min,16,,
grain,16,,
containing,16,,
ingredientsground,16,,
evian,16,,
which,16,,
80,16,,
brown,16,,
eat,16,,
isobutane,16,,
rangeeggwhite,16,,
preservativesulphur,16,,
propane,16,,
lactis,15,,
oxide,15,,
maltitol,15,,
borlotti,15,,
water*,15,,
romaine,15,,
citral,15,,
tea1,15,,
skipjack,15,,
xylitol,15,,
chia,15,,
diced,15,,
lemongrass,15,,
sumac,15,,
lavender,15,,
ethylhexylglycerin,15,,
carnauba,15,,
stuff,15,,
or,15,,
ingredientscontains,15,,
each,15,,
butane,15,,
ginseng,15,,
e150d,15,,
cyder,15,,
freeze,15,,
ofryeflour,15,,
mornflake,15,,
82%,15,,
carboxy,15,,
pumpkin,15,,
frommilk,15,,
farming,15,,
lake,15,,
antioxidants,15,,
maca,15,,
young,15,,
iceberg,15,,
ingredientspasteurised,15,,
glucoside,14,,
blackcurrants,14,,
glucose-fructose,14,,
grass,14,,
ingredientsalmonds,14,,
skimmedmilkpowder,14,,
carbonates,14,,
tetrasodium,14,,
liquorice,14,,
pasteurisedmilk,14,,
microbial,14,,
05%,14,,
cow'smilkfermented,14,,
naturally,14,,
lauryl,14,,
herbal,14,,
pandalus,14,,
ethanol,14,,
aluminium,14,,
silicate,14,,
salvia,14,,
methoxycinnamate,14,,
saccharin,14,,
1rainforest,14,,
wholemealflour,14,,
beta,14,,
rosins,14,,
deionised,14,,
blackberries,14,,
enhancer,14,,
14%,14,,
soya,14,,
mace,14,,
wholemealwheatflour,13,,
bits,13,,
no,13,,
prune,13,,
blood,13,,
smoke,13,,
petals,13,,
powder*,13,,
hispanica,13,,
colouring,13,,
brewing,13,,
oat,13,,
gluconate,13,,
butternut,13,,
apricot,13,,
hydrochloride,13,,
oxides,13,,
21%,13,,
cinnamal,13,,
5-15%,13,,
04%,13,,
glaze,13,,
vegetables,13,,
plain,13,,
by,13,,
l-leucine,13,,
scott's,13,,
ingredientsmango,13,,
low,13,,
carotene,13,,
molluscs,13,,
chestnuts,13,,
oils,13,,
ingredientsspring,13,,
soap,13,,
perfume,12,,
*includes,12,,
blend,12,,
aluminum,12,,
aniseed,12,,
dry,12,,
grown/produced,12,,
sliced,12,,
isomalt,12,,
baobab,12,,
11,12,,
that's,12,,
date,12,,
ingredientssweetcorn,12,,
carboxymethylcellulose,12,,
walnuts,12,,
wholemilk,12,,
mackerel,12,,
flaxseed,12,,
hard,12,,
55%,12,,
stevia,12,,
clementine,12,,
crab,12,,
hi-oleic995%,12,,
roastedwhole,12,,
pressed,12,,
68%,12,,
vit,12,,
cider,12,,
ingredientsblack,12,,
jasmine,12,,
ingredientschicken,12,,
peel*,12,,
ingredientsred,12,,
mussels,12,,
camomile*,12,,
segments,12,,
refined,12,,
ingredientstomatoes,12,,
pinto,12,,
36%,12,,
coconut*,12,,
ingredientspotassiummetabisulphite,12,,
e129,11,,
fibre,11,,
permitted,11,,
varying,11,,
grainwheat100%,11,,
co2,11,,
watermalt,11,,
methylisothiazolinone,11,,
diacetate,11,,
diethylamino,11,,
batavia,11,,
rosso,11,,
polyphosphates,11,,
using,11,,
niacinamide,11,,
pitted,11,,
golden,11,,
farmed,11,,
96%,11,,
market,11,,
penaeus,11,,
bacteria,11,,
rock,11,,
fruits,11,,
ingredientsdried,11,,
003%,11,,
breast,11,,
wholewheatsemolina,11,,
wholeegg20%,11,,
41%,11,,
bacterial,11,,
aroma,11,,
clarified,11,,
998%,11,,
48%,11,,
cetyl,11,,
lynx,11,,
body,11,,
cheesemilk,11,,
just,11,,
aronia,11,,
leucine,11,,
ingredientswatermalted,11,,
waterbarleymalt,11,,
beta-carotene,11,,
roastedpeanutswhole,11,,
cold,11,,
enzymes,11,,
babycorn,11,,
zinc,11,,
acidacidity,11,,
nonionic,11,,
e202,10,,
decaffeinated,10,,
palmitate,10,,
ethically,10,,
caffeine-free,10,,
17200,10,,
borealiscrustaceans,10,,
ingredientsprawns,10,,
make,10,,
treated,10,,
sorghum,10,,
seedless,10,,
california,10,,
ingredientscoconut,10,,
gadus,10,,
*non,10,,
ingredientscauliflower,10,,
specially,10,,
non-organic,10,,
pimento,10,,
cornish,10,,
ingredientssalt,10,,
15%for,10,,
fillets,10,,
cow'sfermented,10,,
honeydew,10,,
fenugreek,10,,
e422,10,,
agriculture,10,,
flavor,10,,
cherries,10,,
hydroxybenzoyl,10,,
rhubarb,10,,
tenderstemâ®,10,,
ruby,10,,
celery,10,,
traded,10,,
compliance,10,,
17,10,,
roasted100%,10,,
45g,10,,
edamame,10,,
taurine,10,,
e122,10,,
petits,10,,
quinoa*,10,,
54%,10,,
ingredientscoffee,10,,
himalayan,10,,
polydextrose,10,,
ginger*,10,,
ingredientsadded,10,,
vinegarbarleymalt,10,,
only,10,,
phosphonates,10,,
desiccated,10,,
c11-15,10,,
19%,10,,
mea,10,,
trisodium,10,,
ingredientsspinach,10,,
dehydroacetic,10,,
tartrates,9,,
e466,9,,
carrier,9,,
77891,9,,
mica,9,,
safe,9,,
tasty,9,,
drop,9,,
tenderstemmed,9,,
33,9,,
ever,9,,
infuser,9,,
herb,9,,
cows,9,,
have,9,,
brilliant,9,,
coco-glucoside,9,,
nettle,9,,
cabbage*,9,,
triphosphate,9,,
typical,9,,
ingredientscheddar,9,,
saffron,9,,
split,9,,
pasteurisedegg20%,9,,
thunnus,9,,
some,9,,
toasted,9,,
0005%,9,,
soyabase,9,,
ingredientssulphur,9,,
carriers,9,,
06%,9,,
ingredientssea,9,,
20,9,,
benzophenone-4,9,,
seed*,9,,
lollo,9,,
ingredientswholegrain,9,,
dimethicone,9,,
balm,9,,
hibiscus*,9,,
52%,9,,
ingredientsmelon,9,,
first,9,,
them,9,,
heat,9,,
pearl,9,,
pack,9,,
watermaltedbarleyhop,9,,
e500,9,,
e535,9,,
peppercorn,9,,
radish,9,,
berry,9,,
parsnip,9,,
an,9,,
prawn,9,,
rangewhite,9,,
range15%,9,,
bitter,9,,
nettle*,9,,
alfalfa,9,,
goose,9,CHICKEN,
moringa,9,,
comminute,9,,
distearate,9,,
hyaluronate,9,,
sap,9,,
56%,8,,
syrup*,8,,
multileaf,8,,
coagulant,8,,
sheep,8,,
greens,8,,
tuna93%,8,,
pollock,8,,
morhua,8,,
trout,8,,
bamboo,8,,
verbena,8,,
dash,8,,
starch*,8,,
wateracid,8,,
tri-calcium,8,,
medium,8,,
stearic,8,,
fair,8,,
peanuts,8,,
isopropyl,8,,
eau,8,,
tarragon,8,,
7,8,,
ingredientsgoose,8,,
maximum,8,,
mangos,8,,
77491,8,,
triethanolamine,8,,
crystal,8,,
*from,8,,
seasonal,8,,
menthol,8,,
polyquaternium-7,8,,
panthenol,8,,
brussels,8,,
medjool,8,,
anticaking,8,,
ryeflour,8,,
ingredientsbroccoli,8,,
91%,8,,
quark,8,,
cow'smilk,8,,
nerka,8,,
mono,8,,
oak,8,,
bass,8,,
ingredientssugareggalbumen,8,,
ingredientshoney,8,,
underlined,8,,
reduced,8,,
gel,8,,
benzoic,8,,
butterhead,8,,
shelled*,8,,
09%,8,,
delbrueckii,8,,
also,8,,
2,8,,
subsp,8,,
linseed,8,,
scallops,8,,
extract*,8,,
â€,8,,
rainforest,8,,
matter,8,,
bath,8,,
required,8,,
starters,8,,
nectarine,8,,
ratio,8,,
granules,7,,
caraway,7,,
ingredientspeppermint,7,,
ingredientswholemilk,7,,
ingredientsmilk,7,,
shirota,7,,
dehydrated,7,,
ingredientsbaby,7,,
67%,7,,
acidifier,7,,
tartaric,7,,
%,7,,
spearmint*,7,,
ingredientswaterbarley,7,,
kernels,7,,
cinnamon*,7,,
eye,7,,
cracked,7,,
37%,7,,
94%,7,,
flavouringsvitamins,7,,
acidcitric,7,,
inulin,7,,
all!,7,,
harvested,7,,
triphosphates,7,,
redcurrant,7,,
aromas,7,,
traces,7,,
nibs,7,,
hulled,7,,
nutspackaged,7,,
spp,7,,
heart,7,,
jumbo,7,,
scottish,7,,
durumwholewheatsemolina,7,,
peaches,7,,
unpasteurised,7,,
cocamide,7,,
nothing,7,,
rangeegg15%,7,,
barleymalt,7,,
unrefined,7,,
bark,7,,
acidmalic,7,,
hulledbeans,7,,
ingredientspotassiummetabisulphitesulphur,7,,
full,7,,
radicchio,7,,
cos,7,,
rolledoats60%,7,,
wholegrainoatflour,7,,
maltedbarleyextract,7,,
5%collagen,7,,
styrene/acrylates,7,,
monocalcium,7,,
scomber,7,,
eyed,7,,
spray,7,,
dill,7,,
slicednuts25%,7,,
butyl,7,,
cocoyl,7,,
methylchloroisothiazolinone,7,,
31%,7,,
couscous,7,,
truffle,7,,
hake,7,,
dicarbonatesweetener,7,,
beechwood,7,,
balance,7,,
been,7,,
waternatural,7,,
officinalis,7,,
rainbow,7,,
tulsi,7,,
beetroot*,7,,
rosehips*,7,,
e330,7,,
*these,7,,
butylphenyl,7,,
methylparaben,7,,
propylparaben,7,,
eugenol,7,,
goat's,7,,
4,7,,
choi,7,,
vannamei,7,,
ingredientsdurumwholewheatsemolina,7,,
methylpropional,7,,
15-30%,7,,
ferric,7,,
alpha-isomethyl,7,,
copper,7,,
ingredientstuna,7,,
ingredientswhole,7,,
cantaloupe,7,,
15850,7,,
ingredientsrice,7,,
ï¿_,7,,
e150a,7,,
sheep's,7,,
pyrophosphate,7,,
ionone,7,,
collagen/meat,6,,
courgette,6,,
infusion,6,,
caught,6,,
wash,6,,
x,6,,
9,6,,
chunk,6,,
acd,6,,
bergamot,6,,
flavour*,6,,
pacific,6,,
pomace,6,,
wholeflour,6,,
peru,6,,
single,6,,
oleracea,6,,
sustainably,6,,
cannot,6,,
66%,6,,
redcurrants,6,,
61%,6,,
mashed,6,,
bananaâ€,6,,
artesian,6,,
5%5%,6,,
15%15%,6,,
30%more,6,,
tri-calciumcitrate,6,,
coarse,6,,
vinegar*,6,,
nonpareille,6,,
virginoil,6,,
ingredientsoatflakes,6,,
ingredientsingredient,6,,
**organic,6,,
acacia,6,,
gold,6,,
72%,6,,
mytilus,6,,
yellowfin,6,,
venison,6,,
sprouted,6,,
ingredientsdates,6,,
diphosphates,6,,
bream,6,,
artichoke,6,,
brazil,6,,
maltedbarleybarley,6,,
ingredientssweetener,6,,
frozen,6,,
shelled,6,,
e141,6,,
mangetout,6,,
chives,6,,
jalapeno,6,,
ingredientspetits,6,,
salanovaâ®,6,,
ingredientswholewheat,6,,
decyl,6,,
whole-grain100%,6,,
wholegrainflour,6,,
includes,6,,
ingredientsmussels,6,,
propanediol,6,,
goat'smilk,6,,
tunasteak,6,,
adzuki,6,,
wheatgrass,6,,
peg-150,6,,
butylene,6,,
flageolet,6,,
clover,6,,
sterols,6,,
sorbatesulphur,6,,
jalapeã±os,6,,
acerola,6,,
birch,6,,
81%,6,,
kaffir,6,,
savory,6,,
anhydrous,6,,
aeglefinus,6,,
glycosidesnatural,6,,
packed,6,,
975%,6,,
pak,6,,
champagne,6,,
107%,6,,
pasteurized,6,,
extractnatural,6,,
wholewheatdurum,6,,
vary,6,,
coffeepackaged,6,,
availability,6,,
buckwheat,6,,
*not,6,,
processed,6,,
ingredientstomato,6,,
ingredientsfat,6,,
lemongrass*,6,,
lemons,6,,
ingredientspotassium,6,,
ingredientsquaker,6,,
ingredientscocoa,6,,
triethyl,6,,
carmine,6,,
curly,6,,
tobacco,6,,
92%,6,,
16mg,6,,
ml,6,,
delivers,6,,
taurate,6,,
soyalecithin,6,,
frombarleygluten,6,,
nicotinamide,6,,
skyr,6,,
scombrus,6,,
emulsifiers,6,,
varieties,6,,
fcf,6,,
runner,6,,
flat,6,,
cationic,6,,
alkyl,6,,
plum,6,,
150ml,6,,
1/3,6,,
blossom,6,,
e110,5,,
methoxydibenzoylmethane,5,,
62%,5,,
egyptian,5,,
forastero,5,,
trinitario,5,,
honeybush,5,,
42%,5,,
waterfruit,5,,
balm*,5,,
rangeegg24%,5,,
mg,5,,
flaked,5,,
g,5,,
100,5,,
rosehip*,5,,
garam,5,,
acai,5,,
vegan,5,,
sorbic,5,,
358%,5,,
*produced,5,,
sockeye,5,,
seville,5,,
ingredientsscallop,5,,
waterof,5,,
watersoybeans,5,,
petal,5,,
wholegrainoatflakes,5,,
chlorella,5,,
waterbeans*,5,,
e163,5,,
e471,5,,
criollo/25%,5,,
non-ionic,5,,
hypochlorite,5,,
8,5,,
passionfruit,5,,
58%,5,,
hazelnuts,5,,
containsgluten,5,,
tamarind,5,,
persimmon,5,,
else,5,,
ingredientsprawn,5,,
crustacean99%,5,,
mould,5,,
fermentum,5,,
mã´n,5,,
pdo,5,,
spelt,5,,
flavourantioxidant,5,,
vapour,5,,
distilledbarleymalt,5,,
denatonium,5,,
alpha,5,,
tocopherols,5,,
halen,5,,
turtle,5,,
branched-chain,5,,
amino,5,,
bcaa,5,,
l-valine,5,,
l-isoleucine,5,,
tea-extract,5,,
cultivation,5,,
13,5,,
'n',5,,
infantis,5,,
paracasei,5,,
capsicum,5,,
wateroats10%,5,,
rape,5,,
cocoate,5,,
durum-semolina,5,,
chlorophyllin,5,,
glycoside,5,,
e224,5,,
e300,5,,
juice**,5,,
78%,5,,
diglycerides,5,,
panax,5,,
butterfat,5,,
lucuma,5,,
thyme*,5,,
basil*,5,,
comminuted,5,,
life,5,,
products,5,,
ingredientsraising,5,,
iodised,5,,
e451,5,,
n2,5,,
linseeds,5,,
skipjack70%,5,,
pepper*,5,,
it!,5,,
petit,5,,
ukminced,5,,
chestnut,5,,
ingredientschilli,5,,
77499,5,,
lentils*,5,,
pareth-7,5,,
pareth-40,5,,
500,5,,
25%collagen,5,,
puy,5,,
245%,5,,
hydrogensulphite,5,,
one,5,,
fizzer,5,,
indica,5,,
rolledoats37%,5,,
rolledoats77%,5,,
ingredientsmixed,5,,
coco,5,,
ingredientsbrussels,5,,
ingredientsroasted,5,,
ethyl,5,,
manganese,5,,
violet,5,,
sucralosevitamins,5,,
porridge,5,,
ingredientsbutternut,5,,
ingredientsiceberg,5,,
stone,5,,
grains,5,,
policy,5,,
ingredientsbeetroot,5,,
morocco,5,,
skimmedmilkpowdermilkwhey,5,,
hazelnutsalmonds,5,,
conforms,5,,
sainsbury's,5,,
sourcing,5,,
flakes*,5,,
syrup**,5,,
hot,5,,
frisã©e,5,,
keta,5,,
brassica,5,,
amaranth,5,,
tocopherol,5,,
hectorite,5,,
ingredientspeas,5,,
49%35%,5,,
19%11%,5,,
10%6%,5,,
sterol,5,,
mangoes,5,,
corn*,5,,
isolate,5,,
extra,5,,
italian,5,,
bell,5,,
100%mixed,5,,
fatprotein,5,,
do,5,,
melanogrammus,5,,
freshly,5,,
more,5,,
c12-15,5,,
barleyglutenwheatgluten,5,,
maltedbarleyglutenwheatgluten,5,,
extracted,5,,
provitamin,5,,
chinese,5,,
purple,5,,
fatcheese,5,,
ingredientswatermelon,5,,
pasteurised20%,5,,
mykiss,5,,
arrow,5,,
semolinawater,5,,
shoots,5,,
american,5,,
liquid,5,,
healthy,5,,
gin,5,,
ingredientstea,5,,
benzophenone-1,5,,
alalunga,5,,
saltferments,5,,
ingredientsbeef,5,,
disinfectant,5,,
*due,5,,
74%,5,,
raisins*,5,,
ingredientsgreek,5,,
ingredientspropylene,5,,
rosehip,5,,
skimmedpowderprotein,5,,
water10%,5,,
ammonium,5,,
6,5,,
okra,5,,
salt*,5,,
178%,5,,
111%,5,,
talc,5,,
squashed,5,,
zealand,5,,
elderberries,5,,
cranberries,5,,
africa,5,,
satsuma,5,,
carboxymethyl,5,,
linden,5,,
impulse,5,,
chamomile*,4,,
smooth,4,,
children,4,,
crosspolymer,4,,
trade,4,,
artificial,4,,
cyclopentasiloxane,4,,
monodon,4,,
advice!,4,,
lauroyl,4,,
origins,4,,
cashew,4,,
teabags,4,,
biodegradable,4,,
goji,4,,
holy,4,,
yerba,4,,
73%,4,,
little,4,,
vegetarians,4,,
suitable,4,,
fowl,4,,
ingredientsguinea,4,,
**organically,4,,
corn**,4,,
gelatine,4,,
water15%,4,,
delta-lactone,4,,
glucono,4,,
ingredientsnaturalcheesemade,4,,
sinensis,4,,
bulls,4,,
ingredientscream,4,,
dipotassium,4,,
purse,4,,
flying,4,,
london,4,,
flowers*,4,,
surfactant,4,,
amongst,4,,
de,4,,
swede,4,,
roasted999%,4,,
dioxideand,4,,
hi-oleicpeanuts991%,4,,
dicalcium,4,,
fao,4,,
ocean,4,,
vegans,4,,
masala,4,,
075%,4,,
sachets,4,,
ensure,4,,
polyvinyl,4,,
glycerol*,4,,
fieldmint,4,,
lipase,4,,
amylase,4,,
defrosted,4,,
erythrosine,4,,
boldcontainsgluten,4,,
vodka,4,,
hi-oleic991%,4,,
almondmilk,4,,
vinegarmalt,4,,
scottishoatflakes,4,,
cardamon,4,,
pears*,4,,
ingredientscamomile,4,,
chippings,4,,
pentamethylene,4,,
diethylenetriamine,4,,
pva,4,,
glycereth-6-cocoate,4,,
palmkerneleate,4,,
solution,4,,
08%,4,,
albacore,4,,
chill,4,,
40-45cm,4,,
roses,4,,
b,4,,
chlorine,4,,
atlantic,4,,
14%almonds10%cashews5%,4,,
48%walnuts20%,4,,
15%almonds10%,4,,
58%cashews15%,4,,
polish,4,,
nail,4,,
bleaching,4,,
protease,4,,
phosphonate,4,,
hydroxypropylmethylcellulose,4,,
soy,4,,
tartrate,4,,
l-carnitine,4,,
coley,4,,
broad,4,,
cbd,4,,
betacarotene,4,,
german,4,,
ingredientsmycoproteinâ„¢,4,,
benzophenone-3,4,,
isostearic,4,,
wholewheat,4,,
ingredientswholewheatflour,4,,
ingredientsnatural,4,,
sourdough*,4,,
soil,4,,
dihydrate,4,,
adhesive,4,,
30g,4,,
chromium,4,,
wholemeal,4,,
durumflour*,4,,
10%cashews6%,4,,
19%almonds11%,4,,
ingredientsbroad,4,,
polysorbate-20,4,,
buffalo,4,,
53%raisins,4,,
pyridoxine,4,,
pantothenate,4,,
jalapeã±o,4,,
hi-oleicpeanuts995%sea,4,,
chunks,4,,
association,4,,
durum-semolinawater,4,,
**certified,4,,
dose,4,,
e-liquid,4,,
cartomiser,4,,
sicilian,4,,
starches,4,,
escarole,4,,
shallot,4,,
44%,4,,
borealis,4,,
samphire,4,,
chive,4,,
glycolic,4,,
wine|acid,4,,
de-alcoholised,4,,
molasses,4,,
023%,4,,
skimmedmilklactase,4,,
wholegrainflour*,4,,
spinach*,4,,
france,4,,
preservativespotassium,4,,
sesameoil,4,,
*ingredients,4,,
maltwheat,4,,
leaves*,4,,
fermented,4,,
californian,4,,
nototodarus,4,,
bio,4,,
creamed,4,,
beansprouts,4,,
albacares,4,,
mono-,4,,
erythritolsweetener,4,,
preparation,4,,
softcontains,4,,
sherry,4,,
frombarley,4,,
triazine,4,,
methoxyphenyl,4,,
bis-ethylhexyloxyphenol,4,,
watersalt,4,,
edulis,4,,
flaxseeds,4,,
standard,4,,
according,4,,
alba,4,,
65%,4,,
ingredientschickpeas,4,,
aduki,4,,
acid},4,,
preservative},4,,
cowsmilk,4,,
aestivum,4,,
*denotes,4,,
ancho,4,,
tuber,4,,
pods,4,,
red99%,4,,
steak,4,,
015%,4,,
maris,4,,
crangon,4,,
shrimp,4,,
vegetal,4,,
hulledbeans*,4,,
lactatepreservatives,4,,
â±,4,,
mixture,4,,
18%origin,4,,
47%,4,,
frenk,4,,
3/4,4,,
69%,4,,
jackfruit*,4,,
habanero,4,,
chipotle,4,,
ingredientsdurumwheatsemolinaoatfibre,4,,
silica,4,,
microcrystalline,4,,
wholewheatflour,4,,
ingredientsmalt,4,,
ingredientsdurum,4,,
popcorn,4,,
moisture,4,,
include,4,,
ingredientspeanuts100%,4,,
verjus,4,,
nucifera,4,,
redsalmon99%,4,,
peppercressâ®,4,,
106g,4,,
ingredientsblackberries,4,,
35ml,4,,
present,4,,
**rainforest,4,,
104g,4,,
stabilizer,4,,
e150c,4,,
roastedalmonds100%,4,,
ammonia,4,,
995%,4,,
ingredientsbarleymalt,4,,
ingredientstuna93%,4,,
pectine,4,,
rosin,4,,
chokeberry,4,,
ricola's,4,,
steel,4,,
mornflake100%,4,,
ingredientspink,4,,
caprylic/capric,4,,
watersucroseacid,4,,
max,4,,
nano,4,,
goats,4,,
vp001,4,,
savory*,4,,
italica,4,,
bioflavonoids,4,,
allantoin,4,,
ripe,4,,
hippoglossus,4,,
pistachio,4,,
sucralosewith,4,,
above,4,,
heated,4,,
110g,4,,
77510,4,,
safflower,4,,
2mg,4,,
chewing,4,,
used,4,,
eucalyptus,4,,
bht,4,,
freeoats73%,4,,
ingredientsroastedpeanutswhole,4,,
liquorice*,4,,
fennel*,4,,
aubergine,4,,
hydroxycitronellal,3,,
cyclopterus,3,,
isopropanol,3,,
calendula,3,,
ceremonial,3,,
matcha,3,,
ingredientswaterbarleymalt,3,,
ingredientsskimmedmilk,3,,
b1*,3,,
tiger,3,,
986%,3,,
006%,3,,
waterprotein,3,,
you,3,,
normal,3,,
contributes,3,,
*vitamin,3,,
oleoyl,3,,
latin,3,,
waterlemon,3,,
nigari,3,,
sweetenersucralose,3,,
mate,3,,
chips,3,,
shell,3,,
40%20%20%20%,3,,
w/w,3,,
benzisothiazolinone,3,,
guindillas,3,,
ingredientsmarjoram,3,,
ingredientsrock,3,,
bitartrate,3,,
sucraloseantioxidant,3,,
19%14%14%,3,,
rye,3,,
organicflakes,3,,
ingredientsfennel,3,,
ingredientsgarlic,3,,
back,3,,
substance,3,,
04%acidity,3,,
erythritoltaurine,3,,
acidflavour,3,,
citratecolour,3,,
tocopherolacidity,3,,
di-alpha,3,,
skimmedreconstituted,3,,
tributyl,3,,
49%cashews35%,3,,
hydrogenated,3,,
rosa,3,,
freeoats,3,,
film,3,,
ionic,3,,
polyglyceryl-4,3,,
acidstabilizers,3,,
adipic,3,,
caprylyl,3,,
water/eau,3,,
stearatemint,3,,
pad,3,,
14700,3,,
jumbo100%,3,,
organic100%,3,,
list,3,,
amaranth*,3,,
ingredientswild,3,,
pellets,3,,
ingredientsblueberries,3,,
93g,3,,
bransesame,3,,
certifiedâ_â„¢,3,,
wholegrain*,3,,
cereals,3,,
wateroats15%,3,,
ingredientsbrazil,3,,
orange-peach,3,,
antioxidantsodium,3,,
anhydride,3,,
glycol/trimellitic,3,,
acid/neopentyl,3,,
ingredientsspelt,3,,
grain100%,3,,
rolled60%,3,,
ingredientsmornflake,3,,
ingredientsevian,3,,
riazhenka,3,,
pelamis,3,,
katsuwonus,3,,
bran,3,,
labrax,3,,
dicentrarchus,3,,
beeffor,3,,
vertsâ®,3,,
bijoux,3,,
77492,3,,
wholegrainwheat43%,3,,
ingredientssesameoil,3,,
mangifera,3,,
ingredientswheat,3,,
naturalcheesemade,3,,
ingredientspomegranate,3,,
parsnips,3,,
ã‚,3,,
50%durumwheatsemolina,3,,
dulse,3,,
#equivalent,3,,
04%#,3,,
14%10%5%,3,,
48%20%,3,,
acrylates,3,,
diphosphate,3,,
tablets,3,,
ingredientscarrots,3,,
ingredientsbutter,3,,
summer,3,,
e336,3,,
guava,3,,
e296,3,,
sparus,3,,
ingredientscapers,3,,
ingredientsturmeric,3,,
ingredientspaprika,3,,
fibers,3,,
stick,3,,
proteins,3,,
siberian,3,,
watersucrosefructosecitric,3,,
flavouringspreservatives,3,,
saaz,3,,
iodate,3,,
saltanti-caking,3,,
celluloseemulsifier,3,,
precooked,3,,
+/-,3,,
vitt,3,,
salicylatebenzyl,3,,
derived,3,,
ingredientsgroundalmonds,3,,
85%mango,3,,
wholemealsemolina,3,,
*permitted,3,,
watersoybeanswheatsalt,3,,
curry,3,,
pink99%,3,,
nuts100%,3,,
jackfruit,3,,
waterpetits,3,,
cut,3,,
o2,3,,
aurata,3,,
cera,3,,
ingredientsryeflour,3,,
ingredientscockle,3,,
wholemealwheatsemolina,3,,
spec,3,,
child,3,,
attached,3,,
ingredientsmandarin,3,,
oatflakes,3,,
acesulfame-k,3,,
bilberry,3,,
otter,3,,
arrowroot,3,,
wakame,3,,
11%natural,3,,
spanish,3,,
2%a,3,,
merluccius,3,,
e471peanutoil,3,,
ingredientsroastedalmonds100%,3,,
organicpeanuts,3,,
watersodium,3,,
adipate,3,,
diisopropyl,3,,
gluconateantioxidant,3,,
phosphatezinc,3,,
tempeh,3,,
e151,3,,
heneggalbumen,3,,
rosemary*,3,,
oregano*,3,,
hydroxypropyl,3,,
hungarian,3,,
croatian,3,,
ingredientscolour,3,,
105%,3,,
86%,3,,
yogurts,3,,
peg-100,3,,
species,3,,
beansdo,3,,
chloridecitric,3,,
watersucrosefructosemineral,3,,
isobutyratenatural,3,,
*contains,3,,
e321,3,,
<1%,3,,
watermaltedbarleyhops,3,,
neutral,3,,
tricalcium,3,,
watersoyabean,3,,
thigh,3,,
ingredientshibiscus,3,,
ingredientscamomile*,3,,
alpha-tocopherol,3,,
durumsemolina*,3,,
semolina*,3,,
legs,3,,
e435,3,,
honeyof,3,,
camellia,3,,
avitamin,3,,
bran-germfibre,3,,
acidsaltacidity,3,,
refinedoil,3,,
hi-oleicalmonds995%sea,3,,
shallots,3,,
listdurumwheatsemolina,3,,
peg-7,3,,
methacrylate,3,,
cress,3,,
ingredientsbeansprouts,3,,
frais,3,,
scottishoats100%,3,,
005%,3,,
diazolidinyl,3,,
alumina,3,,
5%pure,3,,
irish,3,,
spirits,3,,
argopecten,3,,
south,3,,
pinksalmon99%,3,,
grainwheat10%,3,,
53%peanuts46%,3,,
polyacrylic,3,,
naturalmade,3,,
ferments,3,,
buffalo's,3,,
non-animal,3,,
color,3,,
skimmedmilkreconstituted,3,,
1%a,3,,
cyanocobalamin,3,,
d-calcium,3,,
*biologic-dynamic,3,,
roqueforti,3,,
sardines,3,,
alaska,3,,
soft,3,,
concentrateacidity,3,,
43%,3,,
*arto,3,,
ingredientswholemealwheatflour,3,,
15985,3,,
003%sweetener,3,,
benzoatecaffeine,3,,
select,3,,
malted&,3,,
brine,3,,
additives,3,,
mytilidae,3,,
edible,3,,
paste,3,,
respect,3,,
lecithin,3,,
39%,3,,
function,3,,
vp/eicosene,3,,
camphor,3,,
4-methylbenzylidene,3,,
urea,3,,
glycolique,3,,
denature,3,,
pineapplepineapple,3,,
60%watersalt,3,,
skimmedmilklive,3,,
ingredientslow,3,,
e452,3,,
alcool,3,,
watermustardseeds,3,,
phosphoric,3,,
sulfonic,3,,
phenylbenzimidazole,3,,
regulatorsodium,3,,
wholemilkeu,3,,
e412,3,,
cinnamonum,3,,
williams,3,,
wholegood,3,,
essential,3,,
reverse,3,,
lifewtr,3,,
english,3,,
e160b,3,,
colourings,3,,
rind,3,,
goats',3,,
ascorbyl,3,,
tartrazine,3,,
quality,3,,
based,3,,
e172,3,,
caperberries,3,,
coloured,3,,
organicmilkfermented,3,,
d2yogurt,3,,
sativa,3,,
grilled,3,,
e339,3,,
veined,3,,
blanched100%,3,,
702%,3,,
edamamebeans,3,,
ingredientsrooibos,3,,
lutein,3,,
galangal,3,,
food,3,,
sesame,3,,
gb-org-05,3,,
nuts15%,3,,
collagen,3,,
ingredientsborlotti,3,,
regulatorcitric,3,,
truffles,3,,
ingredientspercentage,3,,
crassostrea,3,,
highest,3,,
get,3,,
freshness,3,,
carbomer,3,,
wholewheat*,3,,
sultanas,3,,
19%cashews14%peanuts14%,3,,
ingredientsmelon*,3,,
ingredientspasteurisedmilk,3,,
diphosphatesproteins,3,,
containgluten,3,,
watersoybeans*,3,,
fromage,3,,
sorbitan,3,,
rolledoats85%soyprotein,3,,
1/4,3,,
net,3,,
none,3,,
theobroma,3,,
contains*,3,,
freeze-dried,3,,
164%,3,,
191%,3,,
35g,3,,
agentcalcium,3,,
acidgelling,3,,
acidfirming,3,,
concentrateantioxidant,3,,
leaf*,3,,
high-flavanol,3,,
e511,3,,
skimmedpowderfat,3,,
cooked,3,,
quininesweetener,3,,
citrateflavourings,3,,
ingredientscabbage,3,,
loin,3,,
mizuna,3,,
weight,3,,
morhuafish,3,,
double,3,,
ingredientsreduced,3,,
plastic,3,,
honduras,3,,
statutory,3,,
anthocyanin,3,,
59%,3,,
veal,3,,
15510,3,,
groats,3,,
antioxidantascorbic,3,,
wasabi,3,,
â_rainforest,3,,
teaâ_,3,,
cows'milkpowder,3,,
seine,3,,
rolledoats77%skimmedmilkpowder,3,,
alfalfa*,3,,
cloves*,3,,
98%coconut,3,,
single-origin,3,,
ghanaian,3,,
inulinprotein,3,,
63%,3,,
lumpus,3,,
vana,3,,
krishna,3,,
rama,3,,
blanchedpeanuts100%,3,,
ingredientslemon,3,,
disteardimonium,3,,
chlorohydrate,3,,
e120,3,,
part-cooked,3,,
lavender*,3,,
certification,3,,
valerian,3,,
ingredientslactose,3,,
ingredientssoyabase,3,,
sorbitolmagnesium,3,,
pistachios,3,,
attention,3,,
activity,3,,
effect,3,,
adverse,3,,
10,3,,
currants,3,,
magellanicus,3,,
placopecten,3,,
new,3,,
lozenge,3,,
spring*,3,,
redbush,3,,
concentrates,3,,
inositol,3,,
boldcontainsmilkdoes,2,,
lubricating,2,,
bacillus,2,,
ingredientsseaweed,2,,
real,2,,
250ml,2,,
attract,2,,
her,2,,
crã¨me,2,,
isethronate,2,,
tenside,2,,
gem,2,,
groundceleryseed,2,,
e-330,2,,
limeflowers,2,,
gbi-30,2,,
coagulans,2,,
neem,2,,
azadirachta,2,,
jatamansi,2,,
ingredientsmaltodextrin,2,,
ingredientsbulking,2,,
french,2,,
12,2,,
ox,2,,
acrylate,2,,
fluoride,2,,
hydrated,2,,
flower/leaf/stem,2,,
citriodora,2,,
lippia,2,,
24,2,,
61,2,,
26%firming,2,,
watersoyabeans*,2,,
rhizopus,2,,
italianalmonds6%,2,,
pollen,2,,
trawl,2,,
japanese,2,,
saltpacked,2,,
pacificus,2,,
todarodes,2,,
ingredientsjapanese,2,,
grass*,2,,
sweetenernatural,2,,
flavoursacidity,2,,
hempseed,2,,
chopped,2,,
bee,2,,
ecuador,2,,
glass,2,,
borosilicate,2,,
stainless,2,,
materials,2,,
colombian,2,,
britishflour,2,,
nutrients,2,,
mono-calcium,2,,
palmyra,2,,
virginia99%,2,,
listwater,2,,
hours,2,,
55%*,2,,
thickenerlive,2,,
starchcarob,2,,
extracttapioca,2,,
gumvitamins,2,,
e124,2,,
-100%,2,,
ingredientsartichoke,2,,
ingredientsflakedalmonds,2,,
water43%,2,,
ltd,2,,
china,2,,
landed,2,,
salt**not,2,,
soured,2,,
textured,2,,
22%*,2,,
465%,2,,
pulses,2,,
anchovies,2,,
hopswheat,2,,
235%,2,,
watersoybeanswheat,2,,
montmorency,2,,
hydrolysate,2,,
97%calcium,2,,
watermango,2,,
shiitake,2,,
ingredientsgoji,2,,
ingredientstiger,2,,
cow'smilkcheese,2,,
patch,2,,
hulled100%,2,,
pulped,2,,
acidvitamins,2,,
saltantioxidants,2,,
acidstabiliser,2,,
omega-3,2,,
omega-6,2,,
acaiberry,2,,
barleygrass,2,,
214%,2,,
393%,2,,
salted,2,,
mexican,2,,
155%,2,,
roastedmalt,2,,
388%,2,,
pearlbarley,2,,
pectinsprepared,2,,
gold*,2,,
wholegrainmeal*,2,,
hyaluronic,2,,
macroantioxidantsâ®,2,,
f&v,2,,
purã©es,2,,
chilensis,2,,
walnut100%,2,,
wheatbarleymalt,2,,
wine100%,2,,
fig,2,,
igp,2,,
modena,2,,
guerande,2,,
dairy,2,,
penicillium,2,,
chalcogramma,2,,
theragra,2,,
zucchini,2,,
creamsalt,2,,
rennetcolour,2,,
chloridemicrobial,2,,
sheep'smilk,2,,
mackerelfillets,2,,
acidmalt,2,,
molluscwatersaltacetic,2,,
tuna93%spring,2,,
flavouring1rainforest,2,,
tea1natural,2,,
ingredientsbrie,2,,
loligo,2,,
purpuratus,2,,
metabi,2,,
britishspeltflour,2,,
still,2,,
laminariaceae,2,,
piquillo,2,,
mustard,2,,
concentratenatural,2,,
concentratecoconut,2,,
pearled,2,,
ingredientsbuckwheat,2,,
gray,2,,
parsley*,2,,
tuna93%watersalt,2,,
ingredientscows'milk,2,,
matã©,2,,
2%lacticstarters,2,,
yuzu,2,,
glycocides,2,,
vossâ„¢,2,,
longum,2,,
annuum,2,,
wholegrainwheat43%wholegrain,2,,
acidpreservatives,2,,
caperswatervinegarsalt,2,,
clean,2,,
grinding,2,,
obtained,2,,
ingredientsscallopmollusc,2,,
peppermint**all,2,,
guayusa,2,,
cultures**contains,2,,
cultures**includes,2,,
999%,2,,
gumvitamin,2,,
saltstabiliser,2,,
filaments,2,,
hazelnutsalmondssalt,2,,
powderroasted,2,,
15%skimmedmilkpowdermilkwhey,2,,
rolledoats37%raisins,2,,
glove,2,,
verum,2,,
cous,2,,
distilledmalt,2,,
thai,2,,
b7,2,,
linseed*,2,,
mung,2,,
organicoatflakes100%,2,,
10%wheatbran,2,,
80%oatbran,2,,
mornflakeoatbran100%,2,,
chenopodium,2,,
durumsemolina2387%,2,,
salta,2,,
53%peanuts46%sea,2,,
19%cashews14%peanuts14%cornish,2,,
clove*,2,,
nutmeg*,2,,
coriander*,2,,
kelp,2,,
voss,2,,
carbonateflavouringssea,2,,
phosphatescalcium,2,,
87%acidity,2,,
salt*organic,2,,
tripotassium,2,,
riceorganically,2,,
long,2,,
durumwheatsemolina**,2,,
pineapple**632%,2,,
polynicotinate,2,,
durum-wheat,2,,
durumsemolina2827%,2,,
spaghetti,2,,
blackbeans,2,,
greenbeans,2,,
durumsemolina**,2,,
approved,2,,
acid*,2,,
inner,2,,
fishpackaged,2,,
211%,2,,
concentrate**,2,,
220,2,,
495%,2,,
frommilksweetener,2,,
*=organically,2,,
pieces*,2,,
cashews51%dates,2,,
16%a,2,,
49%cashews35%raisins,2,,
durumsemolina32%,2,,
wheat-germ,2,,
3%packaged,2,,
chamapgne,2,,
flavouringdates,2,,
whole-grainspelt100%,2,,
flavoured,2,,
maltedglutengluten,2,,
chondrus,2,,
agar,2,,
kamutâ®,2,,
blackeye,2,,
11%hazelnutbutter,2,,
17%almondbutter,2,,
chardonnay,2,,
flavouringfirming,2,,
rangeeggwhitenatural,2,,
edule,2,,
132,2,,
dispenser,2,,
biodynamic,2,,
beluga,2,,
3%collagen,2,,
target,2,,
oxygen,2,,
celeia,2,,
willamette,2,,
fuggle,2,,
pale,2,,
springwater,2,,
ingredientsgolden,2,,
ingredientssavoy,2,,
cerastoderma,2,,
20%collagen,2,,
407,2,,
toffee,2,,
12%collagen,2,,
greece,2,,
marketpercentage,2,,
watersweetcorn,2,,
watermustardseed,2,,
poloxamer,2,,
trometamol,2,,
1mg,2,,
sprays,2,,
oromucosal,2,,
150,2,,
least,2,,
at,2,,
provides,2,,
46%,2,,
goats'milkandcream,2,,
noir,2,,
water/almonds,2,,
cow'smilkmilkcream,2,,
ingredientsedamame,2,,
ingredientsdesiccated,2,,
mulberries,2,,
almond,2,,
pistachiossalt,2,,
organicalmonds,2,,
ingredientsbrown,2,,
ingredientsalmonds100%,2,,
nut100%,2,,
cooling,2,,
levomenthol,2,,
ingredientscherries,2,,
ingredientsraspberry,2,,
ingredientsraspberries,2,,
chamomilla,2,,
glycerides,2,,
palmate,2,,
10%cashews6%lemon,2,,
19%almonds11%coconut,2,,
15%almonds10%blueberries,2,,
58%cashews15%raisins,2,,
substances,2,,
cows'milkcream,2,,
ingredientspistachio,2,,
ingredientssesameseeds,2,,
tenderstemr,2,,
ingredientsfine,2,,
wholegrain43%,2,,
ingredientscambozola,2,,
gouda,2,,
pet,2,,
legal,2,,
othernuts,2,,
quinoaspelt,2,,
wholegrainrye,2,,
83%,2,,
stoneground100%,2,,
milled,2,,
gluten-free,2,,
puffed,2,,
millet,2,,
ingredientspeaches,2,,
ingredientsstrawberries,2,,
ingredientsharicot,2,,
wateracidity,2,,
^,2,,
peg-200,2,,
tocopheryl,2,,
damascena,2,,
idaeus,2,,
rubus,2,,
buffalomilk,2,,
goatsmilk,2,,
21,2,,
sativus,2,,
rolled42%,2,,
sliced25%,2,,
skimmedpowderwhey,2,,
rolled37%,2,,
caprylyl/capryl,2,,
coco-betaine,2,,
phytate,2,,
witch,2,,
virginiana,2,,
hamamelis,2,,
rosmarinus,2,,
jujube,2,,
roastedbutter,2,,
42â°c,2,,
dates*,2,,
rolled77%,2,,
wholegrain39%,2,,
cinnamallinaloollimonenebenzyl,2,,
stem,2,,
recutita,2,,
nectar*,2,,
canadian,2,,
peg-8,2,,
hydroxyethylcellulose,2,,
metabisulfite,2,,
53%46%,2,,
15%10%,2,,
58%15%,2,,
45%28%,2,,
free7%,2,,
57%34%,2,,
hydrochloric,2,,
wholegrain99%,2,,
997%,2,,
extractâ€,2,,
copolymersodium,2,,
tellicherry,2,,
watercoconut,2,,
wholewheatsemolinadurumwheatsemolina,2,,
tripeptide-5,2,,
palmitoyl,2,,
16035,2,,
40,2,,
hazel,2,,
packaging,2,,
carica,2,,
crabmeatcrustacean50%,2,,
ingredientswhite,2,,
stearalkonium,2,,
acetyl,2,,
nitrocellulose,2,,
ingredientscowsmilk,2,,
cinnamal1,2,,
cirate,2,,
caking,2,,
anti,2,,
but,2,,
coagulating,2,,
*approved,2,,
isolated2%,2,,
briemilk,2,,
oilseed,2,,
14,2,,
prickly,2,,
06%06%,2,,
07%,2,,
472%,2,,
899%,2,,
\00\flour,2,,
range30%,2,,
bold,2,,
charcoal,2,,
isethionate,2,,
salicylic,2,,
hcl,2,,
skimmedmilkpowdersoyprotein,2,,
rolledoats70%,2,,
agentâ€‹â€‹â€‹,2,,
freeoatflakes,2,,
ingredientsgluten,2,,
mustardflour,2,,
limonene1,2,,
linalool1,2,,
citral1,2,,
cheddarcheese94%,2,,
olivate,2,,
palmat,2,,
sass,2,,
applicator,2,,
compact,2,,
caprylate,2,,
triglyceride,2,,
prunus,2,,
peg-12,2,,
75%orange,2,,
***organic,2,,
heptyl,2,,
inoculum,2,,
defattedbeans,2,,
pasteurised15%,2,,
dyed,2,,
roastedpeanuts77%roastedpeanutflourpeanutoil,2,,
herring,2,,
oligomeric,2,,
d-glucopyranose,2,,
exmoor,2,,
cocoamidopropyl,2,,
way,2,,
bristle,2,,
cactus,2,,
occuring,2,,
chymosin,2,,
skimmedprotein,2,,
endive,2,,
pasteurisedmilkcheesesof,2,,
saltnaturalcheesemade,2,,
<0005%,2,,
skimmedmilk97%milkprotein,2,,
hulledsoyabeans*,2,,
visit,2,,
information,2,,
has,2,,
mass,2,,
ingredientsfreshly,2,,
juiceorange,2,,
conditions,2,,
sorbateacid,2,,
15%preservative,2,,
waterbarleymalthophop,2,,
ingredientsoregano,2,,
plaice,2,,
alaskan,2,,
acidsweetener,2,,
pectinacids,2,,
cthickener,2,,
carotenevitamin,2,,
waterorange,2,,
fructoseacid,2,,
acrylates/,2,,
polyhydroxystearic,2,,
acid/,2,,
trimethylpentanediol/adipic,2,,
polyacrylate,2,,
distillatenatural,2,,
clarkii,2,,
procambarus,2,,
sweetcream,2,,
separated,2,,
sticks,2,,
ether,2,,
n/a,2,,
enoki,2,,
acidpreservative,2,,
flavouringsacid,2,,
ingredientsadzuki,2,,
lonone,2,,
dicaprylate/dicaprate,2,,
phosphateprotein,2,,
70,2,,
casein,2,,
uhtmin,2,,
ingredientshalloumi,2,,
gouldi,2,,
e450,2,,
ingredientshumectant,2,,
ingredientsfruit,2,,
pvp-vi,2,,
chlorphenesin,2,,
collagen/protein,2,,
ingredientssquid,2,,
acidifying,2,,
gram,2,,
polyphosphate,2,,
skimmedpowderproteinfat,2,,
goats'and,2,,
powderground,2,,
triethoxycaprylylsilane,2,,
acidfruits,2,,
ingredientswalnutspackaged,2,,
ryefloursaltmade,2,,
pasteurisedandferments,2,,
guã©rande,2,,
weightpackaged,2,,
watercitric,2,,
ingredientschillies,2,,
rump,2,,
ingredientslollo,2,,
barleyhops,2,,
preservativepotassium,2,,
ingredientscoffeecaffeine,2,,
beanswatersalt,2,,
skin100%,2,,
sunset,2,,
wholeeu,2,,
goat,2,,
pvp,2,,
rocketto,2,,
chard*,2,,
ingredientspitted,2,,
ingredientswalnuts,2,,
protein2%,2,,
isolatedsoy,2,,
49%cashews31%,2,,
cashews51%,2,,
saltlacticferments,2,,
45410,2,,
skimmedpowderproteins,2,,
mature42%,2,,
polyphosphatesprotein,2,,
inulinfat,2,,
camomile**all,2,,
waterrefined,2,,
ingredientsminimum,2,,
skimmedmilk26%milkprotein,2,,
ingredientsskimmedmilk95%milkprotein,2,,
ingredientsoat,2,,
ingredientssemi,2,,
ingredientslemongrass,2,,
fatmilk,2,,
ingredientscultured,2,,
bb-12â®,2,,
ingredientsno,2,,
flavouring*these,2,,
15%natural,2,,
peel*natural,2,,
8%orange,2,,
hibiscus*beetroot*rosehips*natural,2,,
triglycerides,2,,
barium,2,,
34,2,,
choppedhazelnuts1%,2,,
pheasant,2,,
pulpedsesameseeds,2,,
77400,2,,
skimmed26%protein,2,,
naturalflavouring*,2,,
3%paste,2,,
organic5%,2,,
european*,2,,
water*5%,2,,
pasteurisedand,2,,
roe,2,,
dripping,2,,
lard,2,,
*live,2,,
organicfermented,2,,
cooking,2,,
e551,2,,
sachet,2,,
acidifiers,2,,
sweetenersucralosewith,2,,
tonic,2,,
cob,2,,
259%,2,,
ingredients17,2,,
ingredientsgrapefruit,2,,
ingredients11,2,,
italy,2,,
wholegrainwheat39%,2,,
rolledoats42%,2,,
ingredientspotato,2,,
ingredientsthyme,2,,
15880,2,,
oxychloride,2,,
bismuth,2,,
77163,2,,
ingredientsmornflakeoatflakes100%,2,,
ingredientswholegrainwheat43%,2,,
ingredientstunasteak,2,,
3,2,,
triacetate,2,,
ingredientswholewheatdurum,2,,
ingredientsredsalmon99%,2,,
ingredientscannellini,2,,
15%34%,2,,
others,2,,
butyrate,2,,
virgincoconutoil,2,,
ingredientswatersoybeans,2,,
ingredientswatersoybeanswheat,2,,
pasteurisedegg4%,2,,
up,2,,
e150dcaffeine,2,,
benzoatecolour,2,,
citratepreservatives,2,,
preservativeegglysozyme,2,,
515%,2,,
sorbatesweetener,2,,
unhomogenised,2,,
ingredientscallaloo,2,,
ingredientsackee,2,,
soaking,2,,
padano,2,,
tetra-di-t-butyl,2,,
ferrous,2,,
ingredientsolives,2,,
ingredientscoriander,2,,
methylcellulose,2,,
selected,2,,
bicarbonatepotassium,2,,
celeriac,2,,
ingredientsclementine,2,,
savoy,2,,
003%flavouringssweetener,2,,
77742,2,,
75470,2,,
ingredientscarrier,2,,
001%,2,,
27%flavouringsweetener,2,,
latex,2,,
rubber,2,,
pasteurisedeggwhite,2,,
ingredientsdiced,2,,
seeds11%,2,,
ingredientscorn,2,,
grits,2,,
durumwheatsemolina*,2,,
triethylene,2,,
watercranberry,2,,
flavouringnatural,2,,
drink*,2,,
sweetcorndo,2,,
floretsdo,2,,
sweetcorndonoteatraw,2,,
brussel,2,,
prunes*,2,,
solids,2,,
acidtaurine,2,,
11mg,2,,
le,2,,
poire,2,,
la,2,,
ingredientsrose,2,,
containssulphites,2,,
flavouringscitric,2,,
proportion,2,,
frilly,2,,
sulphatesodium,2,,
watermagnesium,2,,
b12guarana,2,,
citron,2,,
e407,2,,
e415,2,,
aromaticum,2,,
jumbooats100%,2,,
336,2,,
ingredientsemulsifier,2,,
cockles,2,,
wholemilkpowder,2,,
dextrin,2,,
watervitamins,2,,
e101,2,,
b12inositolcolour,2,,
citrateflavouringspreservatives,2,,
courgettes,2,,
*non-organic,2,,
preservativesodium,2,,
luteinfruits,2,,
ingredientshi-oleicpeanuts995%,2,,
enriching,2,,
ingredientsfreeze,2,,
speltflour*,2,,
hi-oleicalmonds995%,2,,
preserve,2,,
range,2,,
carbondioxide,2,,
tatsoi,2,,
oriental,2,,
micro,2,,
lactateacid,2,,
sesquicaprylate,2,,
l'orange,2,,
linden*,2,,
sulfites,2,,
shells,2,,
mornflakeoatflakes100%,2,,
garden,2,,
ingredientschamomile,2,,
comice,2,,
concorde,2,,
falstaff,2,,
seasonality,2,,
rope,2,,
high,2,,
goldenberries,2,,
gigas,2,,
osmosis,2,,
pasteurisedegg,2,,
ultra,2,,
ingredientspure,2,,
nuts99%,2,,
soda,2,,
baking,2,,
soybeans,2,,
dioxide/sulphites,2,,
972%,2,,
letters,2,,
capital,2,,
sprouting,2,,
ingredientspeppermint*,2,,
ingredientssodiummetabisulphite,2,,
soybeans*,2,,
ingredientsbrewing,2,,
yorkshire,2,,
windsor,2,,
moravianbarleymalt,2,,
pineapple**,2,,
sesameseeds,2,,
e211,2,,
e555,2,,
sparkle,2,,
discovery,2,,
christmas,2,,
benzalkonium,2,,
tangerine,2,,
halibut,2,,
sole,2,,
maltand,2,,
e160a,2,,
ingredientsmineral,2,,
8%oatproteinoatfibre,2,,
rolledbarley13%,2,,
lumpfish,2,,
wholegraingluten,2,,
cornflower,2,,
yellowmustardseed,2,,
silver,2,,
bacon,2,,
candy,2,,
unicorn,2,,
chip,2,,
ppg-12,2,,
scotland,2,,
worcester,2,,
spartan,2,,
gala,2,,
rolledoats67%,2,,
concinna,2,,
inermis,2,,
lawsonia,2,,
henna,2,,
cfu's,2,,
billion,2,,
a/ppg-9,2,,
ppg-6,2,,
pareth,2,,
<,2,,
e171,2,,
**75%,2,,
ingredientspurified,2,,
meal*,2,,
saltpeanutoil,2,,
dandelion,2,,
cocamidedea,2,,
cyclomethicone,2,,
ingredientsbhindi,2,,
monofluorophosphate,2,,
farnesol,2,,
laurate,2,,
vitamindallergy,2,,
montanate,2,,
lanolin,2,,
cyclodextrin/tocopherol,2,,
grade,2,,
c12-13,2,,
a/sodium,2,,
250mlaqua,2,,
6086,2,,
49%coconut,2,,
fructosevitamin,2,,
100%*,2,,
oatstraw,2,,
nuts100%packaged,2,,
ginkgo,2,,
chicory,2,,
ceylon,2,,
cardamom*,2,,
lambn/a,2,,
alginate,2,,
15mg,2,,
polacrilin,2,,
original,2,,
105,2,,
parts,2,,
laureth-23,1,,
parfumbht,1,,
let,1,,
corner,1,,
fold,1,,
dish,1,,
container,1,,
over,1,,
place,1,,
results,1,,
best,1,,
directly,1,,
wrap,1,,
microwave,1,,
when,1,,
proteinum,1,,
serum,1,,
cocoglycerides,1,,
tropical,1,,
liver,1,,
swedish,1,,
megnesium,1,,
crystals,1,,
soak,1,,
acrylates/c10-30,1,,
shower,1,,
muslin,1,,
150mlalcohol,1,,
ppg,1,,
anti-perspirant,1,,
ash,1,,
bites,1,,
geranoil,1,,
cinnamate,1,,
peut,1,,
tulips,1,,
hyericum,1,,
rhododendron,1,,
osmanthus,1,,
pole,1,,
lodge,1,,
fir,1,,
includingnoble,1,,
dea,1,,
jacket,1,,
leather,1,,
marshmallow,1,,
burnt,1,,
espresso,1,,
beach,1,,
waitrose,1,,
44%44%10%,1,,
peg-400,1,,
cookies,1,,
sundae,1,,
choc,1,,
polyquaternium-10,1,,
stearyl,1,,
olyquaternium-11,1,,
50ml,1,,
foliage,1,,
stems,1,,
paraffine,1,,
36,1,,
12085,1,,
contenir,1,,
norway,1,,
year,1,,
throughout,1,,
changes,1,,
variety,1,,
meridian,1,,
galmac,1,,
early,1,,
daliclass,1,,
gilthead,1,,
peeled,1,,
hass,1,,
hand-scooped,1,,
perfectly,1,,
350g,1,,
350gwaitrose,1,,
b12inositol,1,,
conference,1,,
limes,1,,
unwaxed,1,,
topaz,1,,
royal,1,,
pippin,1,,
katy,1,,
jonagold,1,,
cox,1,,
braeburn,1,,
highland,1,,
rib,1,,
fore,1,,
bone,1,,
***,1,,
morus,1,,
unpitted,1,,
stones,1,,
source,1,,
rich,1,,
unsaturated,1,,
pinenut,1,,
charentais,1,,
taylors,1,,
qtee,1,,
sensation,1,,
anjou,1,,
oysters,1,,
cockerel,1,,
citrateflavouringpreservatives,1,,
04%dextrinacidity,1,,
sucralosecolour,1,,
carminsweetener,1,,
citrateflavouringcolour,1,,
carrageenanacidity,1,,
skimmedmilkwatermilkproteinstabiliser,1,,
cholecalciferolpreservatives,1,,
erythritolacidity,1,,
04%flavour,1,,
beets,1,,
bunched,1,,
*sea,1,,
sugarsnap,1,,
helda,1,,
tenderstem,1,,
topped,1,,
grapefruits,1,,
waterraspberry,1,,
1%preservative,1,,
flavouringslemon,1,,
aspartamepreservative,1,,
1%citric,1,,
100%provitamin,1,,
flavoursweetener,1,,
15%acid,1,,
6%organic,1,,
94%organic,1,,
blackberryyogurt,1,,
onionspreservative,1,,
tyme,1,,
vvarying,1,,
995%malt,1,,
e160avitamins,1,,
9%elderberry,1,,
9%blood,1,,
81%pink,1,,
42%colour,1,,
echinaceazinc,1,,
astragalus,1,,
arabicsweetener,1,,
cemulsifier,1,,
flavouringsvitamin,1,,
**contains,1,,
cultures**,1,,
hip,1,,
sucralosestrawberryyogurt,1,,
sucraloseraspberryyogurt,1,,
sucraloseblueberryyogurt,1,,
watersucroseacids,1,,
/filtered,1,,
livemilk,1,,
probiotic,1,,
organic&,1,,
whole93%,1,,
yoghurt*,1,,
flavouring*,1,,
98%*,1,,
carotenessweetener,1,,
arabicvitamins,1,,
flavouringsemulsifier,1,,
flavouringsnatural,1,,
flavouringcucumber,1,,
flavoursjasmine,1,,
watercbd,1,,
4%steviol,1,,
wholemilkpowderemulsifier,1,,
opihr,1,,
2%starters,1,,
skimmed996%,1,,
*equivalent,1,,
36%*,1,,
steviolglycosides,1,,
beta-carotenevitamin,1,,
acidcolour,1,,
metabisulphitesweetener,1,,
citrateacid,1,,
16%acidity,1,,
carboxymethylcellulosesweetener,1,,
sulphitesstabiliser,1,,
acidflavouringspreservatives,1,,
quillaia,1,,
nectar52%,1,,
italian6%,1,,
water*6%,1,,
carrageen,1,,
whites,1,,
salt10%,1,,
quail999%,1,CHICKEN,
2%acids,1,,
18%passion,1,,
30%peach,1,,
waterpineapple,1,,
acidwith,1,,
colourbeta-carotenewith,1,,
stabilisercarboxymethylcellulose,1,,
ingredientsblackcurrant,1,,
soyalecithinfat,1,,
watersainsbury's,1,,
acidsulfites,1,,
dioxidemalic,1,,
flavourscarbon,1,,
cidernatural,1,,
waterbarleymaltshops,1,,
watermaltedbarleyglutenwheatglutenhops,1,,
containsmalted,1,,
25%safflowers,1,,
wholepowder,1,,
skimmed97%protein,1,,
water6%,1,,
tears,1,,
job's,1,,
hatomugi,1,,
europeanbeans*,1,,
5%passion,1,,
flavouringhibiscusstevia,1,,
73%natural,1,,
1%cranberry,1,,
flavouringraspberry,1,,
93%natural,1,,
8%4%,1,,
skimmed93%4%protein,1,,
skimmed523%,1,,
betanin,1,,
chain,1,,
selenite,1,,
allergents,1,,
quininepreservative,1,,
acidflavourings,1,,
133%citric,1,,
ingredientsoolongtea,1,,
coffeecaffeine,1,,
atmospherecaffeine,1,,
pastuerised,1,,
*may,1,,
e110*,1,,
988%,1,,
garlicsalt,1,,
porkspices,1,,
e500seed,1,,
skimmed92%protein,1,,
rooibosflavouring,1,,
5%1rainforest,1,,
25%sweet,1,,
70%natural,1,,
1%mango,1,,
pasteurisedmilkpasteurisedcreammilksalt,1,,
finished,1,,
cows'93%,1,,
acidfat,1,,
rennetcultures,1,,
50%peppermint**all,1,,
leaves*lemongrass*linden**,1,,
35%blackberry,1,,
35%spearmint*,1,,
seed**,1,,
1%blueberry,1,,
5%liquoriceroseraspberry,1,,
flavorsnew,1,,
hibiscusrosehipnatural,1,,
4%new,1,,
56%spearmintmarigold,1,,
94%turmeric,1,,
watersoy,1,,
rosecoco,1,,
colours*,1,,
flavouringalso,1,,
e160cmustardcuminchillipaprikacinnamongingerclovesnatural,1,,
e102*,1,,
lysozyme,1,,
rennetfat,1,,
callaloowatersalt,1,,
acidpreservativesodium,1,,
60antioxidant,1,,
54%waterstabilisers,1,,
almondssalt,1,,
b12natural,1,,
flavourenriching,1,,
ingredientssheepâ¿s,1,,
organicstarter,1,,
uht,1,,
smoking,1,,
partially-skimmed,1,,
rennetculture,1,,
sheep>70%,1,,
cacl2,1,,
idm,1,,
0-30%,1,,
peanuts992%salt,1,,
flavorcalcium,1,,
acidartificial,1,,
syrupcitric,1,,
waterhigh,1,,
53%waterantioxidant,1,,
e162,1,,
saltcoriandercolours,1,,
csweetener,1,,
acidflavouringsstabilisers,1,,
18%acid,1,,
leavestriphalastar,1,,
cardamonclove,1,,
peppercuminchillistoneflowercassiafennelblack,1,,
leavesblack,1,,
corianderclovesbay,1,,
spinachwatersalt,1,,
clovestar,1,,
15%ground,1,,
gingerblack,1,,
penicillum,1,,
maturing,1,,
anhydrousmilkfat,1,,
concentratepreservative,1,,
coconutpreservative,1,,
54%waterstabiliser,1,,
3%cinnamona,1,,
14%almonds10%cashews5%carrots,1,,
48%walnuts20%raisins,1,,
gutted,1,,
gilled,1,,
mykisswhole,1,,
fillet,1,,
roquetfort,1,,
pennicillium,1,,
eu,1,,
e235,1,,
e124*,1,,
pearsclarified,1,,
roastedpecans100%,1,,
1%sea,1,,
peanuts95%stabiliser,1,,
syrupsea,1,,
245%agave,1,,
almonds702%coconut,1,,
cobbler,1,,
river,1,,
crayfish,1,,
cardamomchilli,1,,
cinnamonblack,1,,
20%ground,1,,
25%ground,1,,
vinegarsaltacidity,1,,
pepperwaterspirit,1,,
capensis,1,,
melnogrammus,1,,
redfish,1,,
piscatoris,1,,
lophius,1,,
monkfish,1,,
platessa,1,,
pleuronectes,1,,
cods,1,,
dover,1,,
watersoybeanssaltspirit,1,,
coconuttapiocasea,1,,
syrupnatural,1,,
34%antioxidant,1,,
66%pineapple,1,,
segmentspear,1,,
corriandercuminchilliturmericpimentofenugreekgingerdillnutmeg,1,,
20%ginger,1,,
22%sea,1,,
47%szechuan,1,,
mustardseeds,1,,
1%flavouring,1,,
range19%,1,,
pureeacidity,1,,
sorbitolraspberry,1,,
glutenroast,1,,
antioxidantsulphur,1,,
vinegarsaltacid,1,,
watermustardseedsspirit,1,,
19%salt,1,,
vinegarred,1,,
listsesameseed,1,,
garbled,1,,
5%pimento,1,,
15%cracked,1,,
20%red,1,,
59%cracked,1,,
**not,1,,
b12**,1,,
10%*,1,,
84%*,1,,
**bio-dynamically,1,,
water**,1,,
*nigari,1,,
*water,1,,
ingredientsrocoto,1,,
ingredientsancho,1,,
clovescardamom,1,,
9995%,1,,
dietary,1,,
hom,1,,
nam,1,,
84%,1,,
lacto,1,,
iipotassium,1,,
chlorideanti-caking,1,,
chloridesodium,1,,
ingredientsalmondoil,1,,
55%waterthickener,1,,
30%thickener,1,,
45%watersaltalcohol**organically,1,,
birds,1,,
saltblack,1,,
special,1,,
durumwheatflour,1,,
88%watersaltraising,1,,
flavouringsmentholnatural,1,,
glycosidenatural,1,,
concentratesweetener,1,,
popping,1,,
sunflowers,1,,
iris,1,,
lisianthus,1,,
lilies,1,,
chrysanthemums,1,,
48-50cm,1,,
gladioli,1,,
alstromeria,1,,
048%,1,,
9947%,1,,
10%packaged,1,,
dioxidewalnuthalves,1,,
dioxidealmonds25%,1,,
100%of,1,,
ingredientsalmonds100%of,1,,
ingredientsblanchedalmonds50%almonds50%,1,,
49%31%,1,,
blanched43%20%pieces,1,,
cashews,1,,
40%30%10%10%10%,1,,
seedsallergy,1,,
otherand,1,,
90%5%5%,1,,
60%water,1,,
40%saltfirming,1,,
waterblack,1,,
52%28%20%,1,,
48%32%18%,1,,
sun-dried,1,,
drizzledates,1,,
flavouringlemon,1,,
cakedates,1,,
flavouringcarrot,1,,
muffindates,1,,
flavouringblueberry,1,,
tartdates,1,,
bakewell,1,,
mixtureblack,1,,
06%extract,1,,
acidcranberry,1,,
isomaltacid,1,,
berriespackaged,1,,
nuts30%hazelnuts20%pecan,1,,
ingredientsalmonds30%cashew,1,,
freeoats7%ginger,1,,
57%cashews34%gluten,1,,
flavouringsweetener,1,,
3%acid,1,,
waterblackcurrant,1,,
sodiummetabisulphate,1,,
pineapplepreservative,1,,
dates**,1,,
chips*,1,,
7%5%,1,,
10%9%,1,,
27%*paste*,1,,
59%*,1,,
52%37%,1,,
organic18%,1,,
1%1%,1,,
toastedmalt,1,,
chopped05%,1,,
chopped15%,1,,
grain10%,1,,
42âºc,1,,
56%*,1,,
20%10%,1,,
993%,1,,
quinoa*124%,1,,
rice*873%,1,,
nectarsea,1,,
coconutcoconut,1,,
apricotsweetener,1,,
nuts20%packaged,1,,
mangodried,1,,
almondsblanchedalmondsroastedalmonds,1,,
raisinsredwalnutspreservativesulphur,1,,
storage,1,,
safety-,1,,
serving-,1,,
data,1,,
nutritional,1,,
tuc-,1,,
weight-,1,,
allergens-,1,,
+,1,,
brand-,1,,
identification-,1,,
free73%,1,,
organic9%,1,,
ingredientswalnuts25%almonds25%peanuts25%hazelnuts25%packaged,1,,
3%may,1,,
pistachios97%salt,1,,
wholegrainrye99%sea,1,,
amaranthsea,1,,
998%sea,1,,
rolled79%,1,,
skimmedpowder*,1,,
rolled*,1,,
8%proteinfibre,1,,
rolled13%,1,,
rolled67%,1,,
scottish735%,1,,
rolled85%protein,1,,
scottish100%,1,,
papayadried,1,,
ingredientscolourtitanium,1,,
ingredientscolourstitanium,1,,
tartar,1,,
rolledflakes,1,,
wholegrain88%bran,1,,
glucomannan,1,,
konjac,1,,
rolled69%,1,,
wholegrain100%,1,,
cut100%,1,,
britishporridge,1,,
rolled70%,1,,
sale,1,,
nitrogen-,1,,
shellpackaged,1,,
peanutsin,1,,
coconutso2,1,,
organichazelnuts,1,,
roastedhazelnutspackaged,1,,
ingredientspeanutspackaged,1,,
blanchedalmond100%,1,,
groundalmond100%,1,,
oats*,1,,
porridge100%,1,,
wholegrain73%,1,,
puffed*,1,,
bran*,1,,
nakedflakes,1,,
3%saltmade,1,,
ryeflourblack,1,,
seeds11%saltmade,1,,
peanutflour,1,,
es-eco-022-ga,1,,
craega,1,,
orange*,1,,
mackerels,1,,
roes,1,,
corrector,1,,
51%juice,1,,
gallina,1,,
venus,1,,
flakedalmond100%,1,,
nuts12%,1,,
nuts28%walnuts25%hazelnuts20%almonds15%cashew,1,,
ingredientsblanchedalmonds,1,,
ingredientscashew,1,,
walnuthalves,1,,
beanscacao,1,,
nuts25%brazil,1,,
ingredientsalmonds30%walnuts30%cashew,1,,
wholespeltflour,1,,
containsgluten*organic,1,,
khorasanwheatflour*,1,,
gluten*organic,1,,
thiaminraising,1,,
gradewheatflour,1,,
conservation,1,,
agentmonopotassium,1,,
undaria,1,,
60%*,1,,
chickpeas*,1,,
vert*,1,,
demeter,1,,
brown*,1,,
papaya*,1,,
pineapple*,1,,
waterwater,1,,
watergreen,1,,
verts,1,,
waterharicots,1,,
waterbaby,1,,
*=vacuum,1,,
kernels*,1,,
petitis,1,,
ocellatus,1,,
tsunomata,1,,
aka,1,,
gelidium,1,,
pinnatifida,1,,
ingredientswalnuthalvespackaged,1,,
watersweetener,1,,
cellulosecross-linked,1,,
148%flavouringsstabilisers,1,,
lactosefrommilksweetener,1,,
40%carriers,1,,
gummagnesium,1,,
glycosidesstabilisers,1,,
075%natural,1,,
citratepreservative,1,,
3%acidity,1,,
ackee,1,,
rings*,1,,
4585%,1,,
chunks*,1,,
watermelon*,1,,
mango*,1,,
ingredientsalmonds25%brazil,1,,
freeoatscacao,1,,
11%gluten,1,,
dateshazelnuts21%raisins,1,,
15%cashews15%almonds10%strawberries,1,,
glycosidestrawberrysweetener,1,,
colasweetener,1,,
â™¢fair,1,,
cacao*â™¢,1,,
lucorum,1,,
helix,1,,
coco*,1,,
carbonatemonocalcium,1,,
wholemealwheatflourraising,1,,
syrupmaple,1,,
139%acidity,1,,
3%a,1,,
17%raspberries,1,,
49%cashews31%raisins,1,,
52%pecans28%almonds20%,1,,
48%almonds32%pecans18%gingerclovescinnamon,1,,
acidantioxidant,1,,
syrupsaltvitamins,1,,
durumsemolina1938%,1,,
range17%,1,,
free-range19%,1,,
watergelling,1,,
arabiccolours,1,,
glycerolacidity,1,,
waterhumectant,1,,
nut25%walnuthalves,1,,
nuts25%cashew,1,,
glycerol**organic,1,,
23%humectant,1,,
74%raisins*,1,,
pearl40%,1,,
organicwhole,1,,
greengluten,1,,
basmati*,1,,
elongata,1,,
himanthalia,1,,
wholegrain/brown,1,,
ink,1,,
durumsemolina19%,1,,
brangermfibre,1,,
wholegrain/,1,,
-semolina,1,,
58%raisins,1,,
grain*,1,,
defatted,1,,
flageolot,1,,
bulgur75%,1,,
meal,1,,
pre,1,,
100%semolina,1,,
pre-cooked,1,,
cornmeal*,1,,
bulgur100%,1,,
popped,1,,
96%golden,1,,
20%barleyflakes,1,,
45%ryeflakes,1,,
ingredientswholegrainoatflakes,1,,
ingredientsscottishoatflakes,1,,
b2vitamin,1,,
38%calciumniacinironriboflavin,1,,
rolledoats60%wholegrainoatflour,1,,
flakedalmonds09%,1,,
choppedhazelnuts2%,1,,
yellowseed,1,,
americana,1,,
persea,1,,
toastedoil,1,,
lightly,1,,
92%*,1,,
green92%*,1,,
**,1,,
kasha,1,,
cannelini,1,,
durumfreekeh,1,,
lemonswaterlemon,1,,
lemonswatersalt,1,,
52%watersaltacidity,1,,
mandarinsmandarin,1,,
57%pineapple,1,,
lemonswatersaltantioxidant,1,,
hing,1,,
asafoetida,1,,
annum,1,,
pepperpowder,1,,
wholegrainwheat100%,1,,
wholegrainwheat70%,1,,
dvitamin,1,,
acidvitamin,1,,
b1folic,1,,
b6thiamin,1,,
beanswaterfirming,1,,
656%,1,,
**=,1,,
dill**,1,,
gherkins**,1,,
serrano,1,,
volume,1,,
settle,1,,
oreganocontents,1,,
texturedsoyaprotein,1,,
7%watervinegarsalt,1,,
86%horseradish,1,,
3%watersalt,1,,
58%carrot,1,,
sorbateantioxidant,1,,
13%acidity,1,,
99%salt,1,,
89%watersalt,1,,
namak,1,,
kala,1,,
kombu,1,,
groundseed,1,,
saltseed,1,,
champignons*,1,,
pepperssaltantioxidant,1,,
lupin,1,,
54%pineapple,1,,
99%preservatives,1,,
jackfruitwateracidity,1,,
98%preservative,1,,
british-grown,1,,
chlorideantioxidantsodium,1,,
pelvetia,1,,
seagreens,1,,
pico,1,,
magnatum,1,,
lovage**,1,,
dill*,1,,
sage*,1,,
chives*,1,,
marjoram*,1,,
herbs*,1,,
asparaguswatersalt,1,,
asparaguswatersaltacidity,1,,
carrotswaterantioxidant,1,,
italysaltacidity,1,,
kipperfilletswatersalt,1,,
89%spring,1,,
60%waterfirming,1,,
durumwheatsemolinawater,1,,
sorbitolstrawberriesacidity,1,,
ingredientsorganicwholewheatdurumwheatsemolina,1,,
ingredientsorganicdurumwheatsemolina,1,,
ingredientshazelnutspackaged,1,,
chianti,1,,
67%33%,1,,
belsamic,1,,
58%42%,1,,
balsamic,1,,
pyrifera,1,,
macrocystis,1,,
15g,1,,
spruce,1,,
canaliculata,1,,
rosebud,1,,
zaatar,1,,
nori,1,,
ao,1,,
shiso,1,,
epazote,1,,
must,1,,
e-220,1,,
roast,1,,
pinot,1,,
37%barleyflakes,1,,
wholegrainwheatflakes,1,,
choppedhazelnutspackaged,1,,
prunes99%,1,,
peachesclarified,1,,
chlorideacidity,1,,
lentilles,1,,
ingredientspeanuts70%almonds15%walnuts15%packaged,1,,
ingredientsblanchedhazelnuts100%packaged,1,,
hearts,1,,
555%,1,,
brandy,1,,
345%,1,,
sichuan,1,,
corns,1,,
glucono-delta-lactone,1,,
isolatedprotein,1,,
waterbeans,1,,
humera,1,,
unhulled,1,,
palmata,1,,
palmaria,1,,
watersoyabeansisolatedsoyaprotein,1,,
chestnutswateracidity,1,,
shootswateracidity,1,,
tandoori,1,,
masalacontains,1,,
stalks,1,,
guajillo,1,,
pasilla,1,,
teja,1,,
kashmiri,1,,
025%,1,,
rum,1,,
acidall,1,,
ingredientsorganictomatoes,1,,
ingredientsmacadamia,1,,
vertes,1,,
sweet*,1,,
44â°c,1,,
naturalextract,1,,
15%*,1,,
20%*,1,,
honeycomb,1,,
5+,1,,
umfâ®,1,,
manuka-,1,,
ingredientsflakedalmond,1,,
75%wateracid,1,,
papayapineapple,1,,
mandarinspear,1,,
e509,1,,
e575firming,1,,
126%acidity,1,,
americanus,1,,
homarus,1,,
tails,1,,
lobster,1,,
north,1,,
supermarket,1,,
fao61,1,,
2ht,1,,
ec1n,1,,
supermarkets,1,,
e150,1,,
lyle's,1,,
fructose-glucose,1,,
906%63%,1,,
286%205%,1,,
845%135%,1,,
18%and,1,,
26%1/3,1,,
51%a,1,,
culturesstabiliser,1,,
carrot*,1,,
dandelion*,1,,
coriander**,1,,
quick,1,,
molluscindividually,1,,
ingredientsnew,1,,
20%for,1,,
ingredientsshallot,1,,
lines,1,,
hooks,1,,
grounds,1,,
crusteacean,1,,
20%pineapple,1,,
61%carrot,1,,
elecampane*,1,,
mullein*,1,,
eucalyptus*,1,,
hips*,1,,
cardamom**,1,,
gingko,1,,
iceland,1,,
island,1,,
bear,1,,
spitzbergen,1,,
norwegian,1,,
barents,1,,
87%3/4,1,,
peachâ€,1,,
biodynamic*/organic,1,,
aerial,1,,
honeybush*,1,,
mallow,1,,
93%4%,1,,
chamomille,1,,
vervain,1,,
pasteurisedmilksaltlactic,1,,
soyawheat,1,,
sauce,1,,
rangeegg91%spinach,1,,
colournatural,1,,
dioxidecitric,1,,
watercarbon,1,,
juiceginger,1,,
juicelemon,1,,
flourgluten,1,,
*soybeans*soy,1,,
95%rehydrated,1,,
chickpeaswater,1,,
barnegg20%packaged,1,,
matcha*,1,,
reishi,1,,
ribwort,1,,
passionflower,1,,
5%steviol,1,,
01%lime,1,,
acidlemon,1,,
49%natural,1,,
1%natural,1,,
2%pineapple,1,,
47%passionfruit,1,,
malabar,1,,
beanscaffeine,1,,
indonesia,1,,
sumatran,1,,
kenyan,1,,
ugandan,1,,
oolong,1,,
yin,1,,
guan,1,,
tie,1,,
myrtle,1,,
juicenatural,1,,
80%spring,1,,
chloride*organically,1,,
oligosporus*organic,1,,
freefungal,1,,
barnegg21%oatflakes,1,,
wateroats11%*sea,1,,
wateroats15%sea,1,,
waterorganic,1,,
saltvitamins,1,,
phosphatesiodised,1,,
carbonatecalcium,1,,
phosphatecalcium,1,,
wateroats10%acidity,1,,
water*cashews6%sea,1,,
goldenberry,1,,
spain,1,,
criollo,1,,
plated,1,,
chrome,1,,
robusta,1,,
65%wholemeal,1,,
crystallised,1,,
rebaudioside,1,,
wholegrain104,1,,
water*almonds6%sea,1,,
watersoyabeans,1,,
nitrous,1,,
carrageenanpropellant,1,,
acidsstabiliser,1,,
frommilkemulsifier,1,,
stabilisermilkproteins,1,,
cows'milk95%,1,,
ingredientsskimmed,1,,
poppy,1,,
3%spelt25%barleyflakeswheatgerm,1,,
35%wheatbran,1,,
water/almondsstrawberry,1,,
wholemilkkefir,1,,
skimmedmilkwaterpasteurised,1,,
billions,1,,
saltgellan,1,,
wateralmondssea,1,,
e155,1,,
proplene,1,,
e175,1,,
violas,1,,
teff,1,,
'sweet',1,,
khorasan,1,,
contains3%,1,,
whiteflour,1,,
lightflour,1,,
27%hulledsoyabeans,1,,
watercherry,1,,
cows'milklactase,1,,
extractvitamins,1,,
extractpumpkin,1,,
acidcarrot,1,,
starchsea,1,,
flavouringmodified,1,,
vinegarseed,1,,
henalbumen,1,,
concentrate*,1,,
essence,1,,
prime,1,,
liquor,1,,
cows'milkmilkprotein,1,,
water/almondsblueberry,1,,
barbarum,1,,
lycium,1,,
walpers,1,,
meyenii,1,,
lepidium,1,,
mart,1,,
euterpe,1,,
benzoatesweetener,1,,
carotenespreservatives,1,,
saltcolouring,1,,
extractantioxidants,1,,
saltcarrot,1,,
acidstarchsea,1,,
flavouringacidity,1,,
gumnatural,1,,
tri-calciumcitratestabilisers,1,,
citrateacidity,1,,
107%calcium,1,,
sucraloseculturesvitamin,1,,
juicesweetener,1,,
gla025g,1,,
omega-905g,1,,
ala2g,1,,
la25g,1,,
tbsp7g,1,,
oilomegas,1,,
certified-organic,1,,
cake,1,,
flax,1,,
algae,1,,
tubers,1,,
jerusalem,1,,
waterplant,1,,
cultures*includes,1,,
sheepmilklive,1,,
glycosidescontains,1,,
polydextroseflavouringssweetener,1,,
syrupthickener,1,,
syrupglucose-fructose,1,,
raspberries*,1,,
57%*,1,,
biloba,1,,
sda,1,,
pectinsacidity,1,,
tri-calciumcitratestabiliser,1,,
67%hulledsoyabeans,1,,
flavouringsea,1,,
pectinsnatural,1,,
77,1,,
71,1,,
quality*,1,,
boneless,1,,
gorbuscha,1,,
bottoms,1,,
cougerette,1,,
sukkhary,1,,
286%,1,,
pureã©ed,1,,
syrup***,1,,
caroteneslemon,1,,
pectinecolour,1,,
15%fructoseflavouringsstabiliser,1,,
15%soybeans34%mango,1,,
3%fruit,1,,
pectinsweetener,1,,
juicestabiliser,1,,
3%lemon,1,,
cultureswaterplant,1,,
bourgogne,1,,
marc,1,,
seines,1,,
pilchardus,1,,
sardina,1,,
next,1,,
indicated,1,,
zone,1,,
fishing,1,,
57,1,,
51,1,,
indian,1,,
purpuratuss,1,,
chile,1,,
virens,1,,
pollachius,1,,
cadus,1,,
scombus,1,,
viiia,1,,
brittany,1,,
vii,1,,
celtic,1,,
channel,1,,
sub-areas,1,,
27,1,,
north-east,1,,
waterskimmedmilkreconstitutedsweetener,1,,
sucralosevitamin,1,,
culturesaltstabiliser,1,,
pasteurisedmilkstarter,1,,
cow'smilkcheesecolour,1,,
fellcheese,1,,
ingredientsparlick,1,,
culturessalt,1,,
cows'milkcreamstarter,1,,
culturesrennet,1,,
goats'milkandcreamsaltstarter,1,,
n2/co2,1,,
llex,1,,
aqueous,1,,
france*,1,,
south-west,1,,
muelleri,1,,
pleoticus,1,,
5%stabilisers,1,,
skimmedmilk523%watermilkprotein,1,,
omosis,1,,
electrolyte,1,,
fruit/citrus,1,,
rennetpackaged,1,,
ingredientsmozzarella,1,,
wholemilkeusaltrennetacidity,1,,
cow'smilksalt,1,,
maxfat,1,,
18%fat,1,,
6%natural,1,,
48%watercoconut,1,,
stiltonâ®,1,,
acidsaltrennetpreservative,1,,
pasteurizedmilkuhtcream41%acidity,1,,
88%*,1,,
waterhulledsoyabeans*,1,,
wateroats10%sea,1,,
04%##equivalent,1,,
skimmedmilk996%plant,1,,
polyols,1,,
bramley,1,,
glucocides,1,,
fortified,1,,
redflavouringsweetener,1,,
dcolour,1,,
carrageenanvitamins,1,,
20%stabilisers,1,,
dsweetener,1,,
redvitamins,1,,
carrageenanflavouringcolour,1,,
wholemilklactase,1,,
emulsifer,1,,
sulphate*produced,1,,
358%firming,1,,
inoculum*denotes,1,,
165%,1,,
pitaya,1,,
dragon,1,,
012%,1,,
014%,1,,
045%,1,,
tincture,1,,
oroblanco,1,,
skimmedmilkvitamin,1,,
7%stabiliser,1,,
waterhemp,1,,
atmosphereorigin,1,,
18%packaged,1,,
15%percentage,1,,
marketcollagen,1,,
tunawatersalt,1,,
tunaspring,1,,
994%,1,,
oktze,1,,
carotenesleaves,1,,
l-ascorbic,1,,
sorbitols,1,,
phycocyanin,1,,
&blue,1,,
002%,1,,
018%,1,,
wholemilkironvitamin,1,,
ingredientsqueen,1,,
ingredientsyellowfin,1,,
30%collagen,1,,
10%collagen,1,,
maltmalt,1,,
apanage,1,,
pommery,1,,
gewã_rztraminer,1,,
alejandria,1,,
moscatel,1,,
argentina,1,,
auxerrois,1,,
2/3,1,,
watersoya,1,,
acetategelling,1,,
85%rehydrated,1,,
099%,1,,
residual,1,,
extractpackaged,1,,
stabilisersdiphosphates,1,,
accordance,1,,
goldmalt,1,,
yeas,1,,
goldings,1,,
floor-malted,1,,
98%crustaceanssaltpreservative,1,,
turkeypacked,1,,
fishfarmed,1,,
100%packaged,1,,
patagonica,1,,
zygochlamys,1,,
scallop,1,,
ingredientsswede,1,,
gordon'sâ®,1,,
liqueur,1,,
smirnoff,1,,
blended,1,,
then,1,,
triple,1,,
purevodka,1,,
organicdistillate,1,,
fermentation,1,,
moravianmalt,1,,
law,1,,
purity,1,,
fishpacked,1,,
7%packaged,1,,
7%collagen,1,,
zamli,1,,
sainsburys,1,,
leafspinach,1,,
stalk,1,,
rhabarbarum,1,,
rheum,1,,
e955,1,,
e331iii,1,,
v/v,1,,
37%sweetcorn,1,,
41%broccoli,1,,
ingredientsupersweet,1,,
ingredientsaubergine,1,,
ingredientsrunner,1,,
r,1,,
ingredientsbiancoli,1,,
hydroxybezoyl,1,,
peg-6,1,,
cupana,1,,
paullinia,1,,
aquatica,1,,
mentha,1,,
ingredientswalnutpiecespackaged,1,,
rapple,1,,
lady,1,,
sproutsbroccoli,1,,
40%clover,1,,
99%saltantioxidant,1,,
wateroatfibre,1,,
wheatgrassjuice,1,,
bulgurwheat,1,,
05%frombarley,1,,
oxidepeg-220parfum,1,,
peg-8zeolitesucrosekaolinglycerinzinc,1,,
5ci,1,,
benzoateci,1,,
sorbatehexyl,1,,
hydantoin,1,,
dmdm,1,,
acrylates/steareth-20,1,,
lauramine,1,,
isopentane,1,,
824%,1,,
*made,1,,
schidigera,1,,
yucca,1,,
levulinic,1,,
coco-sulfate,1,,
betainecaprylyl/capryl,1,,
b223870/2,1,,
fil,1,,
arginine,1,,
cyanus,1,,
centaurea,1,,
vulgare,1,,
hordeum,1,,
aqua/water,1,,
967385,1,,
ananas,1,,
ingredientscourgette,1,,
sainbury's,1,,
benzoatecoumarincitral,1,,
nanohexyl,1,,
fragrancesilica,1,,
phthalic,1,,
varnish,1,,
42090nail,1,,
canina,1,,
starchpotassium,1,,
proteinhydrolyzed,1,,
hydroxidehydrolyzed,1,,
juicepanthenolsodium,1,,
methoxydibenzoylmethanealoe,1,,
diacetatebutyl,1,,
acidtetrasodium,1,,
distearatecitric,1,,
benzoatepeg-250,1,,
chloridephenoxyethanolacrylates,1,,
fragrancestyrene/acrylates,1,,
glucosideparfum,1,,
silylate,1,,
microcristallina,1,,
glue,1,,
77000glitter,1,,
gum-1,1,,
biosaccharide,1,,
hexylene,1,,
cucumis,1,,
capylate/caprate,1,,
laurate/sebacate,1,,
pentylene,1,,
extraction,1,,
^co2,1,,
sulfatecocamidopropyl,1,,
anhydride/glycols,1,,
anhydride/trimellitic,1,,
swedes,1,,
plums,1,,
lanatus,1,,
citrullus,1,,
decylene,1,,
jojoba,1,,
hydrolyzed,1,,
ethoxydiglycol,1,,
ppg-5-ceteth-20,1,,
dihydroxyacetone,1,,
digluconate,1,,
chlorhexidine,1,,
77019,1,,
olamine,1,,
piroctone,1,,
synthetic,1,,
hydroxypropyltrimonium,1,,
glycerine*,1,,
waterâ€,1,,
933%,1,,
*indicates,1,,
caprate,1,,
250%,1,,
260%,1,,
490%,1,,
nectarines,1,,
480%flakes,1,,
480%,1,,
blackcurrants*,1,,
plums*,1,,
fruits*,1,,
williams-christ,1,,
116%,1,,
ecocert,1,,
pigments,1,,
ci77492,1,,
ci77491,1,,
wax*,1,,
bees,1,,
cinnamic,1,,
p-anisic,1,,
binder,1,,
octyldodecanol,1,,
mais,1,,
zea,1,,
benzoate*organically,1,,
vera*,1,,
avium,1,,
terephthalate,1,,
polyethylene,1,,
pots,1,,
glitter,1,,
chloridemethylchloroisothiazolinonemethylisothiazolinone,1,,
nitratemagnesium,1,,
glycolmagnesium,1,,
alcoholpropylene,1,,
glycolpeg-45mbenzyl,1,,
benzoatetriethylene,1,,
acidglycerinbenzyl,1,,
cinnamalmenthollinaloollimonenecitric,1,,
powderhexyl,1,,
copolymercharcoal,1,,
bpa-free,1,,
301,1,,
bristles,1,,
fsc,1,,
amyl,1,,
geraniol1,1,,
oil*â€,1,,
kernel,1,,
argan,1,,
spinosa,1,,
argania,1,,
cheekiness,1,,
petroleum,1,,
plant-based,1,,
polymer,1,,
sugarcane,1,,
loofah,1,,
polyurethane-11,1,,
fragrancelaureth-4glyceryl,1,,
betaineparfum,1,,
sulfateisopentanecocamidopropyl,1,,
wwwinfofairtradenet,1,,
futuresugar,1,,
sustainable,1,,
communities,1,,
businesses,1,,
invest,1,,
countries,1,,
developing,1,,
opportunities,1,,
mane,1,,
communis,1,,
ricinus,1,,
castor,1,,
any,1,,
performance,1,,
affect,1,,
formula,1,,
variations,1,,
occurring,1,,
**made,1,,
*ingredient,1,,
acmella,1,,
crispus,1,,
glycerin**,1,,
alcohol**denat,1,,
hair,1,,
pony,1,,
cocoatebetainestyrene/acrylates,1,,
oleatepeg-7,1,,
fairer,1,,
means,1,,
ukfairtrade,1,,
country,1,,
100%produce,1,,
ingredientscanesugar,1,,
concentratevitamin,1,,
wwwsainsburyscouk/fairtrade,1,,
brassicyl,1,,
glycerine***,1,,
cetearyl,1,,
glycerin***,1,,
glycerine**,1,,
dehyroacetic,1,,
soapwort,1,,
saponaria,1,,
waterrhubarb,1,,
11%colour,1,,
30%mango,1,,
flavouringhibiscus,1,,
anthocyaninsnatural,1,,
waterelderberry,1,,
l'arginine,1,,
caprylhydroxamic,1,,
esylate,1,,
lisoleucinate,1,,
please,1,,
approach,1,,
manufacturing,1,,
constraints,1,,
teadue,1,,
trading,1,,
brie,1,,
ripening,1,,
maltwheathops,1,,
arabicacoffeepackaged,1,,
dicaprate,1,,
dicaprylate,1,,
26-naphthalate,1,,
diethylhexyl,1,,
cyclotetrasiloxane,1,,
acidjasmine,1,,
fructosenatural,1,,
waterwhite,1,,
incaberryjunipercoriandercardamomnatural,1,,
waterglycerinebotanical,1,,
flavouringhopscolouring,1,,
flavouringscardamom,1,,
pizzle,1,,
acrylates/dimethicone,1,,
acid/glycerin,1,,
homosalate,1,,
octocrylene,1,,
pvp/eicosene,1,,
octyl,1,,
dichlorobenzyl,1,,
acryloyldimethyltaurate/vp,1,,
ethylhexanoate,1,,
trimethylpentanediol/,1,,
watermaltedbarleyextractmaltedbarleynatural,1,,
waterelectrolytes,1,,
waterbarleyhops,1,,
reblochon,1,,
preservativesodiummetabisulphite,1,,
zeolites,1,,
polycarboxylates,1,,
oxygen-based,1,,
12-30%,1,,
clnnamal,1,,
citralsport,1,,
partum,1,,
babe,1,,
33bronze,1,,
d&c,1,,
triethoxycaprylylsilaneprosecco,1,,
fd8c,1,,
getter,1,,
glow,1,,
coumarinlifestyle,1,,
alpha-lsomethyl,1,,
extractspreservatives,1,,
waterglycerolnatural,1,,
surfactantalso,1,,
meaux,1,,
ingredientsalfalfa,1,,
ingredientssliced,1,,
ingredientscapsicums,1,,
ingredientsparsnips,1,,
belly,1,,
cap,1,,
camo,1,,
sticker,1,,
77891nail,1,,
77891purple,1,,
77891blue,1,,
o-cymen-5-ol,1,,
60725ci,1,,
chloridephenoxyethanolci,1,,
hydroxidebenzethonium,1,,
edtasodium,1,,
chloridetrisodium,1,,
glucosidecoco-caprylate/capratesodium,1,,
palmitatecaprylyl/capryl,1,,
ingredientswatercress,1,,
dateswalnuts16%,1,,
ingredientsstuffed,1,,
nuts5%,1,,
ingredientshazelnuts35%almonds30%walnuts30%pecan,1,,
ingredientspeanut,1,,
ingredientsgrapes,1,,
ingredientskiwi,1,,
dicarbonateacid,1,,
ingredientsskimmedmilk523%,1,,
ingredientsskimmedmilk97%milkprotein,1,,
905%,1,,
ingredientsa,1,,
ingredientsskimmedmilk996%,1,,
ingredientssalad,1,,
ingredientsradish,1,,
ingredientsescarole,1,,
ingredientscosberg,1,,
**due,1,,
chard**,1,,
ingredientsapollo,1,,
colourcurcumin,1,,
emulsifierpolysorbate,1,,
ingredientscarrierpropylene,1,,
61565,1,,
extractvaccinium,1,,
alkanecamellia,1,,
aquaisododecaneglycerinc15-19,1,,
22,1,,
45380,1,,
28,1,,
fragrance+/-,1,,
glutamatetocopherolparfum,1,,
stearoyl,1,,
alcoholcitronellollinaloolgeranioldisodium,1,,
oxidebenzyl,1,,
benzoatetin,1,,
buffalo'smilk,1,,
organicsoybeans7%,1,,
milk7%,1,,
watermilkprotein,1,,
bb-12,1,,
ingredients-,1,,
ingredientsskyr,1,,
leicestercheese,1,,
leicester,1,,
annattored,1,,
gloucestercheese,1,,
gloucesterdouble,1,,
cheddarcheesedouble,1,,
beta-carotenes,1,,
shropshire,1,,
ingredientsblue,1,,
ingredientsgoats'milkandcream,1,,
partially-skimmedmilk,1,,
extractisopropyl,1,,
myrtillus,1,,
silicatesilica,1,,
terephthalatesilicamagnesium,1,,
hydroxidepolybutylene,1,,
borosilicatealuminum,1,,
borosilicatelimonenecalcium,1,,
fluorphlogopitecalcium,1,,
copolymeraluminasynthetic,1,,
styrene/indene,1,,
styrene/methyl,1,,
polyisobutenehydrogenated,1,,
heptanoatehydrogenated,1,,
copolymerpolypropylsilsesquioxanestearyl,1,,
skimmedmilkyogurtcultures,1,,
ingredientsyogurt85%,1,,
ingredientsyogurt,1,,
ingredientsorganicmilkfermented,1,,
60725,1,,
42053,1,,
bronze,1,,
77266,1,,
77820,1,,
e621,1,,
acetates,1,,
ingredientswatersoybeans*,1,,
wholeegg,1,,
ingredients1,1,,
ingredients9,1,,
71%,1,,
hydroxyhydrocinnamatebenzyl,1,,
copolymerpentaerythrityl,1,,
copolymeracrylates,1,,
silylateethylene/va,1,,
77000,1,,
hydroxidepolyurethane-11+/-,1,,
77002,1,,
terephthalateacetoneci,1,,
silicapolyethylene,1,,
lyles,1,,
ingredientsmornflakeoatflakes55%,1,,
ingredientsoats60%oatflour,1,,
ingredientsoats59%oatflour,1,,
ingredientsscott's,1,,
ingredientsmornflakeoatbran100%,1,,
ingredientswholewheat*,1,,
ingredientsvapour,1,,
dimethiconeisohexadecanedimethiconeacrylates/dimethicone,1,,
g949701isododecanepolyethylenetrimethylsiloxyphenyl,1,,
47005,1,,
polyethylenecalcium,1,,
silicatealuminaoxidized,1,,
borosilicatemagnesium,1,,
denatcalcium,1,,
acidalcohol,1,,
citratecitric,1,,
fluorphlogopiteacetyl,1,,
copolymersynthetic,1,,
decanoate,1,,
ingredientsbreadfruit,1,,
ingredientslentils,1,,
slicednutshazelnutsalmonds,1,,
choppedhazelnuts05%,1,,
choppedalmonds15%,1,,
syrupâ®,1,,
77120,1,,
ingredientspineapple**632%,1,,
ingredientspear,1,,
ingredientspeach,1,,
ingredientsprunes,1,,
ingredientspears,1,,
ingredientsaduki,1,,
ingredientspinto,1,,
ingredientsrosecoco,1,,
ingredientskipperfillets,1,,
ingredientscockles,1,,
ingredientspinksalmon99%,1,,
ingredientssardines,1,,
oxidesilica,1,,
gluconatetin,1,,
pantothenateferrous,1,,
borosilicatecalcium,1,,
resinadipic,1,,
citratetosylamide/epoxy,1,,
alcoholtributyl,1,,
acetateisopropyl,1,,
acetatenitrocellulosepropyl,1,,
acetatebutyl,1,,
35%speltwheat,1,,
durumwheat,1,,
ingredientsfreekeh,1,,
ingredientsbulgurwheat50%,1,,
35%wheatgluten,1,,
softwheatflour,1,,
ingredientsdurumwheatsemolina*,1,,
seeds100%,1,,
hulledsesame,1,,
ingredientsgrape,1,,
ferrocyanideplease,1,,
77288,1,,
ingredientsrosemary,1,,
ingredientssaltceleryseed,1,,
ingredientshimalayan,1,,
ingredientscider,1,,
ingredientsanhydrousmilkfat,1,,
ingredientsbean,1,,
ingredientsbamboo,1,,
anhydride/glycerin/glycidyl,1,,
watersilicaphthalic,1,,
copolymerdimethiconeaqua,1,,
acetophenone/oxymethylene,1,,
copolymerbenzophenone-1hydrogenated,1,,
hectoriteacrylates,1,,
copolymerstearalkonium,1,,
grapemust,1,,
*concentrated,1,,
ingredients*wine,1,,
ingredientsmustardflour,1,,
ingredientswatermustardseed,1,,
ingredientswatermustardseeds,1,,
ingredientsallspice,1,,
ingredientscaraway,1,,
ingredientssmoked,1,,
ingredientssavory,1,,
ingredientscoarse,1,,
ingredientscurry,1,,
ingredientscinnamon,1,,
ingredientsyellowmustardseeds,1,,
ingredientsbasil,1,,
check,1,,
edtatetrasodium,1,,
sulfatedisodium,1,,
gumsodium,1,,
glycolxanthan,1,,
glycolbutylene,1,,
propanediolglycerinhydroxyethylcellulosephenoxyethanolcaprylyl,1,,
denatparaffinaminomethyl,1,,
copolymeralcohol,1,,
ingredientsbanana,1,,
riboflavins,1,,
ingredientsjalapeno,1,,
monosodium,1,,
ingredientsdistilled,1,,
ingredientssherry,1,,
ingredientsdistilledbarleymalt,1,,
*colouring,1,,
peanut,1,,
chlorophyllins,1,,
chlorophylls,1,,
complexes,1,,
flavorings,1,,
ingredientssorbitol,1,,
ingredientslemons,1,,
ingredientseggs,1,,
antioxidant-ascorbic,1,,
ingredientssauerkraut,1,,
ingredientsjalapeã±o,1,,
52g,1,,
ultramarines,1,,
77007,1,,
hydroxyhydrocinnamatesilica+/-,1,,
edtapentaerythrityl,1,,
dilinoleate,1,,
dimer,1,,
stearateethylenediamine/stearyl,1,,
alcoholpeg-200,1,,
stearatecetyl,1,,
fluorphlogopiteglyceryl,1,,
beeswaxsynthetic,1,,
copolymerpolyurethane-35cera,1,,
wholeeggpowder,1,,
ingredientsmaize,1,,
ingredientscornflour,1,,
ingredientsgrains,1,,
20%eggwhite,1,,
969%,1,,
ingredientsjust,1,,
ingredientspistachionuts,1,,
ingredientsglucose,1,,
ingredientsflavouring,1,,
ingredientstapioca,1,,
ingredientsmaple,1,,
ingredientsmilled,1,,
maltedbarleyflourryeflour,1,,
maltedwheatflour,1,,
maltedwheatflakes,1,,
driedeggpowder,1,,
glycolstyrene/acrylates/ammonium,1,,
waterpropylene,1,,
acidethylene/va,1,,
acidpalmitic,1,,
waxstearic,1,,
cerifera,1,,
copolymercopernicia,1,,
ingredientstempranillosulphur,1,,
ingredientspeanuts96%,1,,
ingredientspeanuts95%,1,,
ingredientsblanchedpeanuts100%,1,,
ingredientspeanuts995%,1,,
ingredientsalmonds702%,1,,
ingredientsprepared,1,,
ingredientsmono,1,,
hydroxides,1,,
shellac,1,,
ingredientsspeltflour*,1,,
ingredientscognac,1,,
maltedwheat10%,1,,
old,1,,
maltedwheat,1,,
acidsulphur,1,,
hopswaterbarley,1,,
77%,1,,
ingredientsmint,1,,
ingredientsnaturally,1,,
ingredientsdecaffeinated,1,,
ingredientshibiscus*,1,,
ingredientsnettle*,1,,
e150b,1,,
ingredientsblend,1,,
ingredientsyeast,1,,
waterbarleymalts,1,,
potassiummetabisulphitesulphur,1,,
maltedbarleywheat,1,,
ingredientssulphiteammonia,1,,
dioxidesulphur,1,,
ingredientsantioxidant,1,,
amla,1,,
emblica,1,,
shikakia,1,,
acasia,1,,
ingredientsginger,1,,
ingredientspeanuts,1,,
metabisulphate,1,,
99965%,1,,
ingredientspeanut992%,1,,
ingredientsdurumwheat,1,,
alphonso,1,,
listsulphur,1,,
ingredientsnaturalmineral,1,,
waterbarleymalted,1,,
sulphiteammonia,1,,
malthopswaterbarley,1,,
red*,1,,
allura,1,,
bhringrai,1,,
prostrata,1,,
eclipta,1,,
sanctum,1,,
ocimim,1,,
rhizome/root,1,,
nardostachys,1,,
brahmi,1,,
monnieria,1,,
bacopa,1,,
flowerpowder,1,,
jaswand,1,,
rosa-sinensis,1,,
tapiocasesameseeds,1,,
vanillin,1,,
peanuts82%peanutflour,1,,
fenugreekmustardpowder,1,,
carom,1,,
nigella,1,,
ingredientsiodised,1,,
ingredientsdefattedsoyaflour,1,,
so2,1,,
sulphite,1,,
9993%,1,,
pine,1,,
screw,1,,
fascicularis,1,,
e-450,1,,
chillimustard,1,,
*colour,1,,
sago,1,,
ingredientswatersoybeans10%,1,,
durumwheatsemolinaegg55%,1,,
ingredientssoftwheatflour,1,,
pasteurizedeggmass,1,,
ingredientspastawheatflour,1,,
chanadall,1,,
bp,1,,
shikakai,1,,
earth,1,,
fullers,1,,
fullonum,1,,
solum,1,,
concentration,1,,
emmerwheat,1,,
part-cookedbarley,1,,
ingredientsfructose,1,,
ingredientsargentina,1,,
ingredientsroastedpeanutin,1,,
200g,1,,
ingredientsjuices,1,,
ingredientshot,1,,
crushedwheatgluten,1,,
ingredientsbulgur,1,,
ingredientswholemilkpowder,1,,
flavors,1,,
gelatin,1,,
flourcontains,1,,
ingredientswheatsemolina,1,,
greensoybeans92%*,1,,
organicwheat,1,,
containssoya,1,,
ingredientsvegetables,1,,
ingredientsonion,1,,
supersweet,1,,
ingredientsbutton,1,,
hibicus,1,,
sencha,1,,
japan,1,,
ingredientsfiltered,1,,
k1,1,,
montmerency,1,,
aã§ai,1,,
ingredientsinulin,1,,
ingredientspeanutflourpeanuts,1,,
steviol-glycosides,1,,
peanuts81%peanutflour,1,,
hi-oleicpeanuts995%,1,,
ingredientswatersoybean7%,1,,
ingredientssparkling,1,,
ingredientspressed,1,,
ingredientsprune,1,,
ingredientscalifornian,1,,
ingredientsdel,1,,
ingredientsblueberry,1,,
ingredientshoneydew,1,,
ingredientsavocado,1,,
portions,1,,
romanesco,1,,
pineapple**63,1,,
63,1,,
ingredientswalnutoil,1,,
almonds702%,1,,
roe88%,1,,
ingredientswatermaltedbarleyglutenwheatgluten,1,,
ingredientsbarleymaltwheatmalt,1,,
ingredientsbarley,1,,
dorado,1,,
el,1,,
citra,1,,
10lactose,1,,
oatscara,1,,
maltrolled,1,,
otterwheat,1,,
-maris,1,,
ingredientsmalts,1,,
acidsulphites,1,,
ingredientsmilksugar,1,,
alcohol*,1,,
peanuts100%,1,,
ingredientsmace,1,,
ingredientsblood,1,,
ingredientsmallow,1,,
ingredients10%,1,,
ingredients7%,1,,
ingredientsopihr,1,,
grenadine,1,,
hopsmodified,1,,
armfuls,1,,
ingredientswatermalt,1,,
world,1,,
local,1,,
barleyglutenyeastgluten,1,,
ingredientshopsmalted,1,,
peanuts995%,1,,
76%celerypowder,1,,
ingredientspeanutoil,1,,
bulgurwheat50%,1,,
callaloo,1,,
ingredientsxanthan,1,,
buds,1,,
cubeb,1,,
boiledeggs,1,,
skinpeanuts,1,,
ingredientshazelnut,1,,
9476%,1,,
wholegrainspeltsemolina,1,,
durumwheatsemolinaoatfibre,1,,
ingrediants,1,,
pastawheatflour,1,,
949%,1,,
ingredientsroastedpeanutsin,1,,
containoyster,1,,
gigasmollusc,1,,
ingredientsoysters,1,,
stutchburyimolluscs,1,,
clamsaustrovenus,1,,
maximus,1,,
pecten,1,,
partridge,1,,
ingredientsbritish,1,,
ingredientsjackfruit,1,,
ingredientspeanut70%almondswalnuts,1,,
seed11%,1,,
87%sesame,1,,
ingredientscornichons,1,,
wholegrainryeflour,1,,
foam,1,,
pca,1,,
nuts44%almonds44%hazelnuts10%,1,,
ketafish,1,,
gruyã¨re,1,,
crãªt,1,,
ingredientsle,1,,
maitake,1,,
eryngii,1,,
shiro-shimeji,1,,
buna-shimeji,1,,
watersoybeans10%,1,,
45%raisins,1,,
toastedwheatflakesbarleyflakes,1,,
ingredientsoatflakeswheatflakes,1,,
alaskapollock,1,,
ingredientswholegrainryeflour,1,,
99g,1,,
seeds9%,1,,
ryefloursesame,1,,
retinyl,1,,
illicium,1,,
12-hexanediol,1,,
hydroxyacetophenone,1,,
disiloxane,1,,
perfluoroisobutyl,1,,
perfluorobutyl,1,,
dipropylene,1,,
tromethamine,1,,
myristic,1,,
*a,1,,
fragrance*,1,,
sarcosinate,1,,
ingredientspearlbarley,1,,
ingredientspetit,1,,
ingredientswholemealwheatflourwheatgluten,1,,
sd,1,,
polylactic,1,,
lava,1,,
acrylates/palmeth-25,1,,
sulfoacetate,1,,
officinale,1,,
jasminum,1,,
laureth-10,1,,
polyquaternium-39,1,,
mandelic,1,,
carnitine,1,,
ingredientssesame,1,,
light,1,,
3%soybeans34%,1,,
leg,1,,
ingredientsmeat,1,,
5%*approved,1,,
veltliner,1,,
ingredientsgruner,1,,
mourvã¨dresulphur,1,,
syrah,1,,
ingredientsgrenache,1,,
daisy,1,,
alypum,1,,
globularia,1,,
40-b,1,,
listoatflakes,1,,
preservativesulphurdi,1,,
clovesceleryseed,1,,
ingredientsbeans,1,,
pasteurisedbuttermilkcreamand,1,,
containsmilk,1,,
saltcelery10%,1,,
quaileggs999%,1,,
beans8%,1,,
european,1,,
waterhulled,1,,
water*cashews6%,1,,
almonds52%,1,,
nectarorganic,1,,
2%cashew*,1,,
cream*hazelnut3%*,1,,
3%almondpaste,1,,
2%*cashew*,1,,
cream*,1,,
rennetfermentsmilk,1,,
85%almonds15%,1,,
pajarero,1,,
goatmilk9%,1,,
cowmilk89%,1,,
ingredientscurd,1,,
ewesmilk,1,,
wholemilksalt,1,,
agur,1,,
st,1,,
dehydratedbuttermilkdairy,1,,
35%raisins,1,,
filling,1,,
raisin,1,,
0,1,,
99,1,,
crusatceans,1,,
ingredientscrayfish,1,,
skimmedmilkyogurt,1,,
yogurt85%,1,,
15%soybeans34%,1,,
soyabeans,1,,
apricotssulphur,1,,
wholeegg92%,1,,
ingredientsfree,1,,
iqf,1,,
100%barleymalt,1,,
tout,1,,
mange,1,,
listred,1,,
listborlotti,1,,
tunefish,1,,
sloaninototodarus,1,,
chalcogrammafish,1,,
theregra,1,,
freeoats7%,1,,
57%cashews34%,1,,
17%almonds14%,1,,
45%almondbutter,1,,
dateshazelnuts21%,1,,
maltextract,1,,
flavouringbarley,1,,
rehydratedsoyaprotein,1,,
ukoystersmolluscs,1,,
scottishmussels-molluscs-,1,,
98%crustaceans,1,,
listcoconut,1,,
flourwheatflour,1,,
rolledoatflakes,1,,
whole-grainoats100%,1,,
organicalmonds9%,1,,
organicwheat18%,1,,
organicwheatflakes,1,,
organicoatflakes,1,,
wholegrainoats88%wheatbran,1,,
jumbooats,1,,
pointed,1,,
parsleyquick,1,,
garlicï¿_100,1,,
ingredientschopped,1,,
lyrata,1,,
meretrix,1,,
clams,1,,
gouldimollusc,1,,
ingredientspureoats,1,,
15%cashews15%almonds10%,1,,
flavouringsdates,1,,
nuts3%,1,,
wholealmonds4%walnuts3%cashew,1,,
maltedbarleyflakes,1,,
jumbooats54%,1,,
wholegrainoats,1,,
skimmedmilkpowder*,1,,
rolledoats*,1,,
stonegroundoatmeal100%,1,,
oats73%,1,,
stabilisersoyalecithin,1,,
wholegrainoats99%,1,,
ingredientsglucose-fructose,1,,
listcannellini,1,,
gourd,1,,
ingredientsmusselsmollusc,1,,
watersoyaprotein,1,,
48%almonds32%,1,,
tumeric,1,,
pistachios98%,1,,
pistachios993%,1,,
barberries,1,,
pistachios985%,1,,
almonds100%,1,,
othernutsandpeanuts,1,,
almonds98%,1,,
name,1,,
within,1,,
declared,1,,
pureoats,1,,
fermentedwheatflour,1,,
cuminsoyabean,1,,
ingredientsbulgurwheat,1,,
freekeh,1,,
bulgurwheat100%,1,,
semolinaeggs1936%,1,,
rangeegg17%,1,,
certifiedâ_\\u2122,1,,
organicspelt,1,,
chlorideingredientsred,1,,
7%cashews5%,1,,
roastedcashewbutter,1,,
roastedalmondbutter,1,,
pecans18%,1,,
pangash,1,,
ingredientslobstercrustacean98%,1,,
ingredientsgelling,1,,
ingredientsglycerine,1,,
ingredientsethanol,1,,
ingredientsflavourings,1,,
ingredientsorganicalmonds,1,,
ingredientscolours,1,,
ingredientsstrawberry,1,,
lightryeflour,1,,
65%speltwholemeal,1,,
whitespeltflour,1,,
wholegrainspeltflour,1,,
wholemealryeflour,1,,
ingredientsprawncrustacean,1,,
listbrussels,1,,
watersoyaflour,1,,
flavouringreconstituted,1,,
shrimpcrustacean,1,,
kajyuï¿_juice,1,,
capers*,1,,
walnutoil,1,,
groundnutoil,1,,
roastedbarleymalt,1,,
seedoil,1,,
ingredientsajwain,1,,
ingredientskashmiri,1,,
peppermustardpowder,1,,
ingredientshydroxypropylmethylcellulose,1,,
ingredientsreconstituted,1,,
listcarrot,1,,
listspinach,1,,
listcauliflower,1,,
listâ€‹â€‹â€‹â€‹â€‹â€‹beef,1,,
smokedcashew,1,,
malts,1,,
oatslactosemilk,1,,
maltglutenwheatgluten,1,,
goldbarleymalt,1,,
maltbarley,1,,
waterwheat,1,,
barleymaltwheatmalt,1,,
form,1,,
activated,1,,
791%,1,,
pureã©,1,,
^orange,1,,
blossoms,1,,
herbsare,1,,
ingredientskalamansi,1,,
sal,1,,
114,1,,
masking,1,,
polycarbophil,1,,
421,1,,
resinate,1,,
nymphaea,1,,
oryza,1,,
kaolin,1,,
watermaltwheat,1,,
chardto,1,,
100%typically,1,,
blanchedpeanuts35%almonds15%cashew,1,,
skinpeanuts35%,1,,
smokedmacadamia,1,,
nuts34%,1,,
nicotinell,1,,
78,1,,
dioica,1,,
urtica,1,,
coltsfoot,1,,
farfara,1,,
tussilago,1,,
angustifolia,1,,
lavandula,1,,
nobilis,1,,
anthemis,1,,
cordata,1,,
tilia,1,,
incarnata,1,,
passiflora,1,,
matricaria,1,,
ornithogalum,1,,
cerasifera,1,,
glandulifera,1,,
impatiens,1,,
vitalba,1,,
clematis,1,,
nummularium,1,,
helianthemum,1,,
essences,1,,
mononitrate,1,,
e104,1,,
further,1,,
leaflet,1,,
98mg,1,,
e951,1,,
e965,1,,
ingredientsprawncrustacean99%,1,,
nuts10%,1,,
roastedcashew,1,,
roastedalmonds15,1,,
splits,1,,
faba,1,,
roastedpeanuts25%,1,,
mollusc100%,1,,
cartridges,1,,
inhalation,1,,
inhalator,1,,
tristearate,1,,
hippocastanum,1,,
aesculus,1,,
rescueâ®,1,,
umbellatum,1,,
colloidal,1,,
b-cyclodextrin,1,,
crospovidone,1,,
sublingual,1,,
cartridge,1,,
pasteurisedmilkandcreamlacticferments,1,,
ingredientsgorgonzola,1,,
thermophillus,1,,
boiledeggs86%,1,,
ingredientshard,1,,
mollusc99%,1,,
ingredientswildfireâ®,1,,
ingredientsmanchegomilk,1,,
prawncrustacean,1,,
vannameicrustacean,1,,
ingredientssmokedalmonds49%,1,,
drumstick,1,,
pasteurisedcream,1,,
graincurd,1,,
sweetheart,1,,
ingredientscomte,1,,
polyethylenterephthalate,1,,
butylated,1,,
basic,1,,
medium-chain,1,,
mg/cm2,1,,
175,1,,
patches,1,,
transdermal,1,,
cm2,1,,
225,1,,
seven,1,,
pistachio98%,1,,
blanched10%,1,,
roastednuts,1,,
25%25%20%20%10%,1,,
ingredientâ€‹â€‹â€‹â€‹â€‹â€‹,1,,
inks,1,,
printing,1,,
side,1,,
aluminised,1,,
liner,1,,
release,1,,
siliconised,1,,
acetylacetonate,1,,
croscarmellose,1,,
acrylic,1,,
boiledegg,1,,
e460,1,,
change,1,,
recipe,1,,
occur,1,,
variation,1,,
mizunadue,1,,
100%crunchy,1,,
crunchy,1,,
daikon,1,,
sango,1,,
crimson,1,,
lentil,1,,
cashew100%,1,,
skimmedmilk996%,1,,
3%wheatfibre,1,,
listdurumwheatsemolinaegg20%,1,,
pasteurisedmilkbuttermilkmilkproteins,1,,
peashoots,1,,
princess,1,,
grana,1,,
goat'spasteurized,1,,
mozzarella,1,,
maasdammade,1,,
surface,1,,
buttermilk,1,,
blue13%,1,,
organicbean,1,,
wholeã‚,1,,
skim,1,,
fraiche,1,,
e322,1,,
e472b,1,,
peach-apricot,1,,
ingredientslettuce,1,,
ray,1,,
darnes,1,,
whitecod,1,,
6%pork,1,,
hulledã‚bean,1,,
skimmedmineral,1,,
partly,1,,
whipping,1,,
compote,1,,
cheeseewes,1,,
pecorino,1,,
preservativelysozyme,1,,
cheeseanimal,1,,
containlactosefrommilk,1,,
durumsemolinafibre,1,,
pulpedseeds,1,,
76%powder,1,,
clovesseed,1,,
cobs,1,,
sweetcornwater,1,,
632%,1,,
waterskipjack,1,,
saltskipjack,1,,
bulgur50%,1,,
kamut,1,,
emmer,1,,
pasteurisedã‚20%,1,,
pagurus,1,,
cancer,1,,
sum,1,,
japonica,1,,
295%,1,,
horseradish,1,,
e420,1,,
yezoensis,1,,
porphyra,1,,
cabbagewater,1,,
56%water,1,,
e405,1,,
e575,1,,
e260,1,,
e270,1,,
e1442,1,,
64%,1,,
pasteurisedã‚,1,,
hulledsoyabean,1,,
cashew30%25%10%5%,1,,
brazil30%,1,,
10%10%,1,,
29%29%19%,1,,
pistachio20%,1,,
cashew20%,1,,
brazil20%,1,,
cochineal,1,,
cornichons,1,,
5%ã‚,1,,
maltedextract,1,,
million,1,,
*gluten,1,,
stout*,1,,
treacle,1,,
waterseed,1,,
**other,1,,
blood**,1,,
rocketmustardrocket,1,,
sorbitolapricots,1,,
23g,1,,
carmoisine,1,,
e142,1,,
4r,1,,
ponceau,1,,
wholebran,1,,
stoneground,1,,
organicflour,1,,
flourflour,1,,
stoned,1,,
100%100%,1,,
ingredientsedam,1,,
sensitive,1,,
coeliacs,1,,
number,1,,
small,1,,
contamination,1,,
avoid,1,,
*the,1,,
pure*,1,,
europe,1,,
cannabis,1,,
freeflakes,1,,
148%,1,,
87%11%,1,,
9969%,1,,
sorbitolblackcurrants,1,,
my,1,,
pineapples,1,,
tripolyphosphate,1,,
tigerpenaeus,1,,
saltã‚,1,,
merlangus,1,,
merlangius,1,,
whiting,1,,
waterã‚,1,,
squid28%,1,,
mussels42%,1,,
lobster98%,1,,
wholegrainsemolina,1,,
hainan,1,,
mongolia,1,,
organicgrass,1,,
pure100%,1,,
cavolo,1,,
african,1,,
nata,1,,
bitsã‚,1,,
naturalmineral,1,,
isobutyrate,1,,
ballygowan,1,,
riverrock,1,,
deep,1,,
carrots33%,1,,
raspberry*,1,,
blackcurrant*,1,,
redcurrant*,1,,
blackberry*,1,,
strawberry*,1,,
e500sesameseed,1,,
sproutsdo,1,,
oniondo,1,,
rawcontainssoya,1,,
allergen,1,,
soyaallergy,1,,
peasdonoteatraw,1,,
cognac,1,,
waterhops,1,,
peels,1,,
ingredientsfeta,1,,
shoot,1,,
cheesemilkanimal,1,,
ingredientsgrana,1,,
skimmedmilkconcentratemilkproteins,1,,
basewater,1,,
nero,1,,
boldcontainsmustard,1,,
spicesallergy,1,,
grademustardseeds,1,,
premium,1,,
durumwheatsemolinaallergy,1,,
e150ddoes,1,,
waterallergy,1,,
squashdo,1,,
50%do,1,,
carrotsdo,1,,
spinachdo,1,,
32%do,1,,
100%do,1,,
ingredientsbell,1,,
organicsoyabean,1,,
creammilk,1,,
availablity,1,,
peas*due,1,,
*sugarsnap,1,,
*mangetout,1,,
*fine,1,,
032%,1,,
limoneneci77891,1,,
447g/100g,1,,
available,1,,
perfumes,1,,
surfactantsedta,1,,
ingredientstenderstemâ®,1,,
ingredientsedamamesoyabeans,1,,
stringless,1,,
cheeseewesmilk,1,,
ingredientspecorino,1,,
dimethiconol,1,,
2-bromo-2-nitropropane-13-diol,1,,
diacetateci42090,1,,
limoneneci19140ci42090,1,,
octenylsuccinate,1,,
myristate,1,,
linaloolci19140ci42090,1,,
cocamidemea,1,,
glycerinppg-12,1,,
ppmfâ¯,1,,
1450,1,,
075g,1,,
1450ppmfâ¯,1,,
ingredientsin,1,,
will,1,,
these,1,,
aloepeg115-mpeg7-m,1,,
palmitic,1,,
hydrocarbons,1,,
aromatic,1,,
>30%,1,,
linaloolci19140ci15510,1,,
cocoatepeg-6,1,,
palmatepeg-7,1,,
polyquaternium-7peg-200,1,,
oven,1,,
combination,1,,
conventional,1,,
use,1,,
puncture,1,,
escape,1,,
steam,1,,
isomethyl,1,,
augeo,1,,
very,1,,
love,1,,
true,1,,
crush,1,,
instant,1,,
peg-80,1,,
disodiumedta,1,,
capryl/capramidopropyl,1,,
ingredientspeg115-mpeg7-m,1,,
80mg,1,,
1335mg,1,,
250mg,1,,
tablet,1,,
chewable,1,,
